52.143435699999998 21.0521815 -1 2024-01-05T22:28:25Z
52.14343365918419 21.052183028995678 -1 2024-01-05T22:28:25Z
52.143435699999998 21.052181500000003 -1 2024-01-05T23:40:14Z
52.143435699999991 21.05218150000001 -1 2024-01-05T23:48:47Z
52.143433716950454 21.05218298571673 -1 2024-01-05T23:48:47Z
52.143435699999998 21.0521815 -1 2024-01-06T00:56:42Z
52.143435699999984 21.052181499999993 -1 2024-01-06T01:29:52Z
52.143435699999991 21.0521815 -1 2024-01-06T02:00:59Z
52.14343379645215 21.052182926153424 -1 2024-01-06T02:00:59Z
52.143433608715675 21.0521830668071 -1 2024-01-06T02:00:59Z
52.143435699999998 21.052181500000003 -1 2024-01-06T09:00:07Z
52.143435699999998 21.052181500000003 -1 2024-01-06T09:05:13Z
52.143435699999991 21.0521815 -1 2024-01-06T10:18:27Z
52.143435699999998 21.052181500000007 -1 2024-01-06T10:45:22Z
52.143433807562104 21.052182917829747 -1 2024-01-06T10:45:22Z
52.143435700000005 21.052181500000003 -1 2024-01-06T11:28:22Z
52.143435699999998 21.0521815 -1 2024-01-06T12:13:00Z
52.143435699999991 21.052181499999996 -1 2024-01-06T12:31:28Z
52.143435699999991 21.052181499999993 -1 2024-01-06T12:57:26Z
52.143435699999991 21.0521815 -1 2024-01-06T13:48:47Z
52.143440619947476 21.052178188041385 -1 2024-01-06T14:18:02Z
52.143440349390737 21.052178370171941 -1 2024-01-06T14:45:17Z
52.143435798387777 21.05217465987991 -1 2024-01-06T15:23:14Z
52.143435699999991 21.052181499999996 -1 2024-01-06T15:50:25Z
52.143435699999991 21.052181499999996 -1 2024-01-06T16:08:01Z
52.143435699999991 21.052181500000007 -1 2024-01-06T16:33:39Z
52.143445084685894 21.052144811720254 -1 2024-01-06T17:13:48Z
52.143437402253348 21.052177022912797 -1 2024-01-06T17:13:48Z
52.143445360568485 21.052143733190096 -1 2024-01-06T17:39:40Z
52.143446302196494 21.052140052007335 -1 2024-01-06T18:23:19Z
52.143446192273842 21.052140481736885 -1 2024-01-06T18:44:15Z
52.143435699999991 21.052181500000003 -1 2024-01-06T19:03:16Z
52.143435700000005 21.0521815 -1 2024-01-06T19:49:19Z
52.143435699999991 21.0521815 -1 2024-01-06T20:12:16Z
52.143435699999998 21.052181500000003 -1 2024-01-06T20:54:12Z
52.143435699999998 21.0521815 -1 2024-01-06T21:15:35Z
52.143435699999998 21.052181500000003 -1 2024-01-06T21:44:26Z
52.143435700000005 21.052181500000003 -1 2024-01-06T22:14:43Z
52.143439000137121 21.052168598525071 -1 2024-01-06T22:14:43Z
