52.143359796045488 21.052176694629434 -1 2024-01-09T22:12:49Z
52.143338800000002 21.052197400000001 -1 2024-01-09T22:39:21Z
52.143338799999988 21.052197400000004 -1 2024-01-09T22:54:28Z
52.143342919703713 21.052193337332376 -1 2024-01-09T22:54:28Z
52.14334328174921 21.052192980299253 -1 2024-01-09T22:54:28Z
52.143338799999974 21.052197400000004 -1 2024-01-10T06:06:26Z
52.143344301465646 21.052185697719384 -1 2024-01-10T06:24:19Z
52.143343349066491 21.052192430885302 -1 2024-01-10T06:24:19Z
52.14334377538492 21.05219196520175 -1 2024-01-10T06:24:19Z
52.143362127786872 21.052142564196551 -1 2024-01-10T09:58:37Z
52.14334497291798 21.05218874168461 -1 2024-01-10T09:58:37Z
52.143359594803485 21.052150333131323 -1 2024-01-10T10:38:24Z
52.14334664400171 21.052185033943715 -1 2024-01-10T10:38:24Z
52.143347415498162 21.05218381768044 -1 2024-01-10T10:38:24Z
52.143362001099355 21.052147078150679 -1 2024-01-10T12:08:05Z
52.143348511144907 21.052181057868275 -1 2024-01-10T12:08:05Z
52.143349481700042 21.052179424595792 -1 2024-01-10T12:08:05Z
52.143397727881585 21.052069588622388 -1 2024-01-10T14:34:37Z
52.143352478674487 21.052172601777215 -1 2024-01-10T14:34:37Z
52.143385441043662 21.05210274031959 -1 2024-01-10T15:36:26Z
52.143369611621999 21.052115435174194 -1 2024-01-10T15:51:10Z
52.143345101227503 21.052181434178173 -1 2024-01-10T16:20:07Z
52.143344438166203 21.052181732957393 -1 2024-01-10T17:01:38Z
52.143355121134256 21.052160385711304 -1 2024-01-10T17:01:38Z
52.143338800000002 21.052197400000001 -1 2024-01-10T18:03:49Z
52.143340469442713 21.05219328043178 -1 2024-01-10T18:30:54Z
52.143340369981274 21.052193525865899 -1 2024-01-10T18:52:12Z
52.143340305146737 21.052193685853634 -1 2024-01-10T19:30:49Z
52.143340419028839 21.052193404834622 -1 2024-01-10T19:53:08Z
52.143338799999974 21.052197399999997 -1 2024-01-10T20:41:55Z
52.143338799999974 21.052197399999997 -1 2024-01-10T20:56:12Z
52.143338799999974 21.052197399999997 -1 2024-01-10T21:42:14Z
52.143345186369636 21.05218229660364 -1 2024-01-10T21:42:14Z
52.143338800000002 21.052197400000001 -1 2024-01-10T22:23:57Z
