50.011697934540926 19.978420303718451 -1 2024-01-16T21:09:54Z
50.011701040272321 19.97840113781664 -1 2024-01-17T07:29:41Z
50.011698176898328 19.978418808097913 -1 2024-01-17T07:29:41Z
50.011698092978044 19.978418705837576 -1 2024-01-17T07:29:41Z
50.011698741506862 19.978399357363614 -1 2024-01-17T09:16:28Z
50.011698531605894 19.978408817662093 -1 2024-01-17T10:24:46Z
50.011696879585891 19.978403868164101 -1 2024-01-17T10:58:19Z
50.011697416693252 19.978407613560297 -1 2024-01-17T11:41:28Z
50.011698908679456 19.978416272635513 -1 2024-01-17T11:41:28Z
50.011698941718926 19.978416702215132 -1 2024-01-17T11:41:28Z
50.011694502386838 19.978395380280791 -1 2024-01-17T12:38:56Z
50.01169186461324 19.978402888258156 -1 2024-01-17T13:11:51Z
50.011692427292182 19.978402955543832 -1 2024-01-17T13:38:54Z
50.011697544983612 19.978416694590205 -1 2024-01-17T13:38:54Z
50.011692277516801 19.978410250545483 -1 2024-01-17T14:05:39Z
50.011697174455286 19.978416241298039 -1 2024-01-17T14:05:39Z
50.011696522001536 19.978417752534316 -1 2024-01-17T14:05:39Z
50.011666667467331 19.978545344266418 -1 2024-01-17T14:24:07Z
50.011693888753115 19.978429006491101 -1 2024-01-17T14:24:07Z
50.011695179573238 19.978416400009309 -1 2024-01-17T14:24:07Z
50.011673265771407 19.978419712034469 -1 2024-01-17T14:42:52Z
50.011695817853479 19.978404246951623 -1 2024-01-17T14:42:52Z
50.011688422006827 19.978408189896371 -1 2024-01-17T15:18:16Z
50.011695310463487 19.978404517456283 -1 2024-01-17T15:18:16Z
50.011678336624378 19.978402964701143 -1 2024-01-17T16:03:25Z
50.011673518995202 19.978397812229861 -1 2024-01-17T16:19:47Z
50.011671913120338 19.978400648143953 -1 2024-01-17T16:37:49Z
50.011670407745477 19.978401944053374 -1 2024-01-17T17:01:53Z
50.011672369839616 19.978402837748472 -1 2024-01-17T17:08:06Z
50.0116842886707 19.978404751050405 -1 2024-01-17T17:08:06Z
50.011672832119501 19.978443459926339 -1 2024-01-17T17:27:00Z
50.011681030349379 19.978412792951683 -1 2024-01-17T17:27:00Z
50.011679811826404 19.978413178101967 -1 2024-01-17T17:27:00Z
50.011672598691291 19.978442477018245 -1 2024-01-17T18:24:08Z
50.011671971638904 19.97845014332129 -1 2024-01-17T18:40:28Z
50.011676613760791 19.978424762123176 -1 2024-01-17T18:40:28Z
50.011673996036436 19.978448427095227 -1 2024-01-17T19:08:15Z
50.011674670548928 19.978430535029393 -1 2024-01-17T19:08:15Z
50.011674463001462 19.978449359127531 -1 2024-01-17T20:26:17Z
50.011674642843815 19.978433047837761 -1 2024-01-17T20:26:17Z
50.011673857790271 19.978446457650438 -1 2024-01-17T20:53:04Z
50.011673859280059 19.978435563936859 -1 2024-01-17T20:53:04Z
50.011673573032759 19.978443894825567 -1 2024-01-17T21:10:56Z
50.011673320740549 19.978437448392643 -1 2024-01-17T21:10:56Z
50.011673145580858 19.978438652596296 -1 2024-01-17T21:10:56Z
50.011674516472809 19.978442514390352 -1 2024-01-17T22:00:01Z
50.011673287899399 19.978439053506705 -1 2024-01-17T22:00:01Z
