50.011668865663509 19.978445088583506 -1 2024-01-12T21:26:13Z
50.011620446018384 19.978308171450223 -1 2024-01-13T12:36:37Z
50.011623647295593 19.978319617138812 -1 2024-01-13T12:36:44Z
50.011667091989771 19.978438040620958 -1 2024-01-13T12:36:44Z
50.01168587933126 19.978409213436727 -1 2024-01-13T16:16:07Z
50.01166980061133 19.978443500404321 -1 2024-01-13T16:16:07Z
50.011668578661023 19.978445347850784 -1 2024-01-13T17:52:06Z
50.011643434887411 19.978438903266809 -1 2024-01-13T18:59:31Z
50.011621234348951 19.978391633433521 -1 2024-01-13T19:02:12Z
50.011666249093928 19.978445315697297 -1 2024-01-13T19:02:12Z
50.011667963497509 19.978446112520281 -1 2024-01-13T19:02:12Z
50.011669533324202 19.978447947861756 -1 2024-01-13T19:11:01Z
50.011800257685813 19.978239516809221 -1 2024-01-13T19:11:37Z
50.011674927262689 19.978438088629584 -1 2024-01-13T19:11:37Z
50.011672059639608 19.978442632034206 -1 2024-01-13T19:11:37Z
50.011562467153269 19.978292754651719 -1 2024-01-13T19:17:43Z
50.011666618878429 19.978443850120804 -1 2024-01-13T19:17:43Z
