52.020749958125371 15.11194803803016 -1 2023-11-19T12:34:59Z
52.020744634523396 15.111945961990227 -1 2023-11-21T03:32:06Z
52.020748509007923 15.111947472919175 -1 2023-11-21T03:32:06Z
52.020682544399371 15.112002183326123 -1 2023-11-21T09:46:53Z
52.020734019365861 15.111959490503523 -1 2023-11-21T09:46:53Z
52.023470331426985 15.113852404141818 -1 2023-11-21T10:12:54Z
52.020558999999984 15.112099199999998 -1 2023-11-21T13:58:58Z
52.020732874960089 15.111960404031286 -1 2023-11-21T13:58:58Z
52.020523625411911 15.112180126782613 -1 2023-11-21T16:30:47Z
52.020697797932478 15.11199723688188 -1 2023-11-21T16:30:47Z
52.020562669926676 15.112114231669826 -1 2023-12-20T17:49:26Z
52.020514499999997 15.112163900000001 -1 2023-12-21T11:17:18Z
52.02055475030734 15.112122397650577 -1 2023-12-21T11:17:18Z
