50.011690958865138 19.978584374048442 -1 2024-01-29T22:40:10Z
50.011694002763164 19.978532740097737 -1 2024-01-30T11:23:27Z
50.011692105510775 19.978584036856592 -1 2024-01-30T11:23:27Z
50.011704738688536 19.978509485558746 -1 2024-01-30T14:12:03Z
50.011692551486675 19.978583306162065 -1 2024-01-30T14:12:03Z
50.011677816244948 19.978455445833724 -1 2024-01-30T16:57:11Z
50.011691341943617 19.978580390636665 -1 2024-01-30T16:57:11Z
50.011709617024032 19.978467085106303 -1 2024-01-30T18:24:33Z
50.011692821482086 19.978575186828287 -1 2024-01-30T18:24:33Z
50.011692842087697 19.978580939702141 -1 2024-01-30T18:24:33Z
50.011654369603818 19.978537985730398 -1 2024-01-30T18:55:21Z
50.011690235887556 19.978584284308091 -1 2024-01-30T18:55:21Z
