50.011676707409045 19.978414538279253 -1 2023-11-05T21:11:15Z
50.011613629465906 19.978325955351053 -1 2023-11-06T04:32:00Z
50.011653072797664 19.978350327160168 -1 2023-11-06T06:16:56Z
50.011654830816575 19.978411069052417 -1 2023-11-06T06:18:15Z
50.011675431306386 19.978412184955388 -1 2023-11-06T06:18:15Z
50.01165199009484 19.978322977135633 -1 2023-11-06T06:21:52Z
50.01167746766054 19.978409447865076 -1 2023-11-06T06:21:52Z
50.01169628790143 19.978480514931903 -1 2023-11-06T06:26:52Z
50.011651991365753 19.978322979935349 -1 2023-11-06T06:29:04Z
50.01167924584658 19.978416162270836 -1 2023-11-06T06:29:04Z
50.011685317591514 19.978464823233324 -1 2023-11-06T06:34:04Z
50.011651991083546 19.978322979574894 -1 2023-11-06T06:36:16Z
50.011678209386424 19.978414679746948 -1 2023-11-06T06:36:16Z
50.011721115235858 19.9785047545042 -1 2023-11-06T06:41:16Z
50.01165199217246 19.978322980782472 -1 2023-11-06T06:43:28Z
50.011681591515526 19.978418452407588 -1 2023-11-06T06:43:28Z
50.011701269260861 19.978479617555244 -1 2023-11-06T06:50:19Z
50.011647916811071 19.978472719669622 -1 2023-11-06T06:55:41Z
50.011651989938635 19.978322979816049 -1 2023-11-06T07:00:49Z
50.011651997585901 19.978322893346373 -1 2023-11-06T07:06:09Z
50.011677468442109 19.97840943912307 -1 2023-11-06T07:06:09Z
50.011651997585901 19.978322893346373 -1 2023-11-06T07:09:33Z
50.011738037441852 19.978389723425728 -1 2023-11-06T07:10:48Z
50.011651992856095 19.978322975123344 -1 2023-11-06T07:12:17Z
50.011651992856095 19.978322975123344 -1 2023-11-06T07:13:18Z
50.011651992856095 19.978322975123344 -1 2023-11-06T07:14:33Z
50.011651992856095 19.978322975123344 -1 2023-11-06T07:15:48Z
50.0116916453321 19.978446205742404 -1 2023-11-06T07:17:17Z
50.0116916453321 19.978446205742404 -1 2023-11-06T07:18:18Z
50.011651991335242 19.978322978830533 -1 2023-11-06T07:19:33Z
50.011651991335242 19.978322978830533 -1 2023-11-06T07:21:18Z
50.01165199116118 19.978322978916065 -1 2023-11-06T07:26:41Z
50.011675060858643 19.97840127876696 -1 2023-11-06T07:26:41Z
50.01167746777179 19.978409448050833 -1 2023-11-06T07:26:41Z
50.011703088285287 19.9785745151006 -1 2023-11-06T07:47:33Z
50.011679888309594 19.978425042944451 -1 2023-11-06T07:47:33Z
50.01165199363296 19.978322978669922 -1 2023-11-06T07:58:03Z
50.011673612591075 19.978454219796927 -1 2023-11-06T08:01:49Z
50.011667426487747 19.978560614629746 -1 2023-11-06T08:08:33Z
50.011681557024872 19.978427046265509 -1 2023-11-06T08:22:51Z
50.011681382048593 19.978451876547279 -1 2023-11-06T08:38:34Z
50.011678756245608 19.978434144543908 -1 2023-11-06T08:53:53Z
50.011687190456961 19.978447085512219 -1 2023-11-06T09:06:55Z
50.011651991223829 19.978322981503243 -1 2023-11-06T09:24:48Z
50.011683102828798 19.978443444511623 -1 2023-11-06T09:35:04Z
50.011651990097832 19.978322980844968 -1 2023-11-06T09:50:44Z
50.011678347243858 19.978438663351294 -1 2023-11-06T09:50:44Z
50.011672824951681 19.978547634718623 -1 2023-11-06T09:56:18Z
50.011672824951681 19.978547634718623 -1 2023-11-06T09:57:33Z
50.011651990645269 19.978322982157117 -1 2023-11-06T09:58:48Z
50.011678214256179 19.978439191983238 -1 2023-11-06T09:58:48Z
50.011651990645269 19.978322982157117 -1 2023-11-06T10:01:18Z
50.011651990645269 19.978322982157117 -1 2023-11-06T10:02:33Z
50.011716844049019 19.978452813424795 -1 2023-11-06T10:03:48Z
50.011651992023801 19.978322979287235 -1 2023-11-06T10:05:09Z
50.011680452207159 19.978440470572718 -1 2023-11-06T10:05:09Z
50.011679200945075 19.978439884253767 -1 2023-11-06T10:15:33Z
50.011695807712172 19.978424176793713 -1 2023-11-06T10:24:01Z
50.011679701351405 19.978439410946152 -1 2023-11-06T10:24:01Z
50.011680759278839 19.978436837894513 -1 2023-11-06T10:24:01Z
50.011704544679667 19.97842564593191 -1 2023-11-06T10:40:20Z
50.011682204589142 19.978432417328705 -1 2023-11-06T10:47:03Z
50.011683946543165 19.978439900450567 -1 2023-11-06T10:47:03Z
50.011697136094533 19.978419437216491 -1 2023-11-06T10:58:37Z
50.01177879479949 19.978138534745828 -1 2023-11-06T11:07:46Z
50.011695545297805 19.978382100198829 -1 2023-11-06T11:09:33Z
50.011694941776376 19.978383532486273 -1 2023-11-06T11:11:14Z
50.011694567951672 19.978379483670761 -1 2023-11-06T11:27:33Z
50.011694548758349 19.978374349057638 -1 2023-11-06T11:50:23Z
50.011692664741609 19.97840685280849 -1 2023-11-06T12:24:47Z
50.011681723087364 19.978433552983176 -1 2023-11-06T12:49:24Z
50.011663212407363 19.978357774424328 -1 2023-11-06T13:05:51Z
50.011692727443794 19.97854100879464 -1 2023-11-06T13:25:48Z
50.011651991077088 19.97832298164413 -1 2023-11-06T13:41:14Z
50.011672782378767 19.978450003011673 -1 2023-11-06T13:50:16Z
50.011663697231725 19.978359274126813 -1 2023-11-06T14:08:48Z
50.011673531793129 19.978454240082456 -1 2023-11-06T14:20:35Z
50.01167404489734 19.978458607864596 -1 2023-11-06T14:30:10Z
50.011651990715066 19.978322981574731 -1 2023-11-06T14:57:18Z
50.011730513088374 19.978362429047667 -1 2023-11-06T15:12:40Z
50.011692244124355 19.978443562659962 -1 2023-11-06T15:20:41Z
50.011692637229729 19.97845900733757 -1 2023-11-06T15:42:17Z
50.011688404479401 19.978467335309755 -1 2023-11-06T15:51:44Z
50.011681092796906 19.978481750730445 -1 2023-11-06T16:04:41Z
50.011676109597843 19.978472039592173 -1 2023-11-06T16:22:24Z
50.011676273641328 19.97846596529649 -1 2023-11-06T16:34:22Z
50.011682763316855 19.978448829701641 -1 2023-11-06T16:34:22Z
50.011673829214423 19.978456380060333 -1 2023-11-06T16:46:41Z
50.011667399186074 19.978444569246175 -1 2023-11-06T17:29:48Z
50.011701431926397 19.978423085158514 -1 2023-11-06T17:45:03Z
50.011620839076855 19.978356042281924 -1 2023-11-06T18:00:32Z
50.024448599999985 19.976312099999998 -1 2023-11-06T18:15:25Z
50.033155800000003 19.976281700000005 -1 2023-11-06T18:20:52Z
50.058524200000001 19.9998574 -1 2023-11-06T18:38:56Z
50.058305623062594 19.999946249272245 -1 2023-11-06T18:54:26Z
50.0408981 19.984023499999999 -1 2023-11-06T19:09:51Z
50.022878908797935 19.981033387701398 -1 2023-11-06T19:23:31Z
50.011657173651137 19.978409266707327 -1 2023-11-06T19:37:14Z
50.011664238783645 19.978428815687497 -1 2023-11-06T19:52:45Z
50.011651991020187 19.978322980303197 -1 2023-11-06T20:17:34Z
50.011661003173806 19.978410734818233 -1 2023-11-06T20:17:34Z
50.011668812764349 19.978428026549217 -1 2023-11-06T20:23:32Z
50.011667516856093 19.978424055944537 -1 2023-11-06T20:46:53Z
50.011662972975756 19.978414954686396 -1 2023-11-06T20:46:53Z
50.011664020234406 19.978422463950711 -1 2023-11-06T20:58:24Z
50.011651990896731 19.978322981721963 -1 2023-11-06T21:00:36Z
50.011664020226704 19.978422464039287 -1 2023-11-06T21:00:36Z
50.011662972967535 19.978414954780856 -1 2023-11-06T21:00:36Z
50.011651990896731 19.978322981721963 -1 2023-11-06T21:05:33Z
50.011664747297033 19.978423839488567 -1 2023-11-06T21:05:37Z
50.011686368314962 19.978552584579674 -1 2023-11-06T21:06:48Z
50.011651991096578 19.978322982355291 -1 2023-11-06T21:08:04Z
50.011669767256997 19.978438881002432 -1 2023-11-06T21:08:38Z
50.011664305277861 19.978419227406782 -1 2023-11-06T21:08:38Z
50.011669268005669 19.978433751091867 -1 2023-11-06T21:18:55Z
50.011664845624516 19.978420808759406 -1 2023-11-06T21:18:55Z
50.01166644218474 19.978426917503544 -1 2023-11-06T21:34:43Z
50.011668375365005 19.978427550100168 -1 2023-11-06T21:35:11Z
50.011666619978023 19.978426975683025 -1 2023-11-06T21:35:11Z
50.011651991099747 19.978322979328386 -1 2023-11-06T21:40:09Z
50.011672001592792 19.978534027894742 -1 2023-11-06T21:41:37Z
50.011672001592792 19.978534027894742 -1 2023-11-06T21:42:39Z
50.01165199066088 19.978322981674768 -1 2023-11-06T21:43:54Z
50.01165199066088 19.978322981674768 -1 2023-11-06T21:45:09Z
50.011665628710134 19.97842286808941 -1 2023-11-06T21:45:09Z
50.011699810207503 19.97857331952742 -1 2023-11-06T22:11:09Z
50.011667585325739 19.978432352241619 -1 2023-11-06T22:11:09Z
50.011651992487501 19.978322982239291 -1 2023-11-06T22:27:02Z
52.023500475008525 15.113897025009456 -1 2023-12-04T15:06:01Z
52.021148099999984 15.11018 -1 2023-12-06T13:45:41Z
52.023500475008525 15.113897025009456 -1 2023-12-04T15:06:01Z
