50.011666446798898 19.978394110973383 -1 2023-11-03T22:00:27Z
50.011638868491737 19.978326199814088 -1 2023-11-04T00:40:51Z
50.011637755284532 19.978342931221643 -1 2023-11-04T05:58:17Z
50.011634745828637 19.978470359027448 -1 2023-11-04T06:08:31Z
50.011581645460964 19.978240544704018 -1 2023-11-04T06:08:31Z
50.011650079470776 19.978319163005128 -1 2023-11-04T06:11:10Z
50.011650079470776 19.978319163005128 -1 2023-11-04T06:12:16Z
50.011650079470776 19.978319163005128 -1 2023-11-04T06:13:31Z
50.011581588734458 19.97822813787386 -1 2023-11-04T06:13:31Z
50.011691087939113 19.978452043215867 -1 2023-11-04T06:16:10Z
50.011691087939113 19.978452043215867 -1 2023-11-04T06:17:16Z
50.011579993473632 19.978230567430195 -1 2023-11-04T06:17:16Z
50.01165580119244 19.978333469162919 -1 2023-11-04T06:20:56Z
50.01165580119244 19.978333469162919 -1 2023-11-04T06:22:29Z
50.011580967945953 19.978229077723832 -1 2023-11-04T06:22:29Z
50.011725540875872 19.978496651545072 -1 2023-11-04T06:24:59Z
50.011584812058814 19.978238072412967 -1 2023-11-04T06:24:59Z
50.011655802418559 19.978333470712929 -1 2023-11-04T06:27:29Z
50.011655802418559 19.978333470712929 -1 2023-11-04T06:28:44Z
50.011655802418559 19.978333470712929 -1 2023-11-04T06:29:59Z
50.011580968013547 19.978229077809274 -1 2023-11-04T06:29:59Z
50.011679148633142 19.978479285175926 -1 2023-11-04T06:32:29Z
50.011580967929362 19.97822907778021 -1 2023-11-04T06:33:44Z
50.011655800891248 19.978333470185671 -1 2023-11-04T06:34:59Z
50.011655800891248 19.978333470185671 -1 2023-11-04T06:36:14Z
50.011584877307193 19.978234531436684 -1 2023-11-04T06:41:29Z
50.011675660115593 19.978568725598002 -1 2023-11-04T06:46:44Z
50.011655800452942 19.978333470416512 -1 2023-11-04T06:51:59Z
50.011726481565844 19.978514732573085 -1 2023-11-04T06:52:11Z
50.01162862938736 19.978309631322425 -1 2023-11-04T06:52:11Z
50.011625377694102 19.978300109582637 -1 2023-11-04T06:59:44Z
50.011621691945486 19.978271599844934 -1 2023-11-04T07:04:48Z
50.011656031191364 19.978349741134512 -1 2023-11-04T07:04:48Z
50.026679899999984 19.976737700000001 -1 2023-11-04T07:14:39Z
50.033141800000003 19.9761715 -1 2023-11-04T07:22:16Z
50.002786699999994 20.294469300000003 -1 2023-11-04T07:50:03Z
49.977217232922762 20.430208044924871 -1 2023-11-04T07:56:40Z
49.977231850482418 20.431359668807087 -1 2023-11-04T07:56:44Z
50.058191444345262 21.253337266474883 -1 2023-11-04T08:39:22Z
50.058171563578597 21.253408769661835 -1 2023-11-04T08:39:44Z
50.058182228340932 21.253370412793114 -1 2023-11-04T08:39:44Z
50.054673999999991 21.993858800000002 -1 2023-11-04T09:14:35Z
50.057908499999989 22.060926500000001 -1 2023-11-04T09:29:08Z
50.075123599999991 22.221577 -1 2023-11-04T09:35:45Z
50.011214999999986 22.676763999999991 -1 2023-11-04T10:07:30Z
49.78409469999999 22.774136400000007 -1 2023-11-04T10:43:26Z
49.784468751626619 22.778447857541686 -1 2023-11-04T11:05:42Z
49.784496170962065 22.778331981178543 -1 2023-11-04T11:25:32Z
49.784507988638047 22.778391394602302 -1 2023-11-04T11:30:42Z
49.784367494911834 22.778574116581648 -1 2023-11-04T11:56:37Z
49.784382093187517 22.778580645939126 -1 2023-11-04T12:09:34Z
49.784400402741163 22.778603987992575 -1 2023-11-04T12:11:33Z
49.784425609280738 22.778521552870359 -1 2023-11-04T12:11:33Z
49.784060700000005 22.795099100000005 -1 2023-11-04T12:52:14Z
49.80607236874188 22.950415245338121 -1 2023-11-04T13:25:09Z
49.816924673567414 23.040894495425281 -1 2023-11-04T15:40:59Z
49.806922699999994 23.629054499999999 -1 2023-11-04T15:50:34Z
49.840043948718105 23.993940599735833 -1 2023-11-04T16:24:31Z
49.840034913358984 23.993927933828509 -1 2023-11-04T16:46:45Z
49.840039367081062 23.993934177124746 -1 2023-11-04T16:46:45Z
49.848024700000003 24.122888100000001 -1 2023-11-04T17:00:49Z
49.556686812675316 25.599983926529447 -1 2023-11-04T19:12:12Z
49.556792480367186 25.605902935722607 -1 2023-11-04T19:42:23Z
49.531561000000004 26.213370099999999 -1 2023-11-04T20:27:39Z
49.528738514071733 26.240818246992937 -1 2023-11-04T20:31:02Z
49.416064548744231 27.01026874175891 -1 2023-11-04T21:31:16Z
49.273347600000008 27.370838299999999 -1 2023-11-04T21:57:32Z
