52.020507548669492 15.112149255683455 -1 2024-01-16T17:11:05Z
52.020508147918356 15.112147608107499 -1 2024-01-18T09:42:50Z
52.020507596498135 15.112149124183313 -1 2024-01-18T09:42:50Z
52.020507665275744 15.112148912819903 -1 2024-01-18T09:42:50Z
52.020508300000003 15.112145800000002 -1 2024-01-18T11:15:27Z
52.020507716520022 15.112148661507293 -1 2024-01-18T11:15:27Z
52.020507781338544 15.11214849048211 -1 2024-01-18T11:15:27Z
52.020508300000003 15.112145800000002 -1 2024-01-18T13:18:46Z
52.020508300000003 15.112145800000002 -1 2024-01-18T13:34:47Z
52.020507928662518 15.112147891115695 -1 2024-01-18T13:34:47Z
52.020508008635012 15.112147664504089 -1 2024-01-18T13:34:47Z
