50.011673463255221 19.978445654469368 -1 2023-11-08T08:50:03Z
50.01167287215047 19.978445487747521 -1 2023-11-08T09:19:19Z
50.011673364600362 19.978438629901561 -1 2023-11-08T09:38:22Z
50.011656397072791 19.9783588589288 -1 2023-11-08T10:05:17Z
50.011651992404474 19.978322979404457 -1 2023-11-08T10:20:32Z
50.011678123107501 19.978430718147361 -1 2023-11-08T10:30:33Z
50.011681149719941 19.978440113353766 -1 2023-11-08T10:45:59Z
50.011688182389243 19.978441692018166 -1 2023-11-08T11:01:37Z
50.011677491050953 19.978432809363753 -1 2023-11-08T11:18:03Z
50.011683406766984 19.978445833948118 -1 2023-11-08T11:35:51Z
50.011681167605794 19.978452792704275 -1 2023-11-08T11:46:37Z
50.011680455460379 19.978444464086667 -1 2023-11-08T12:01:06Z
50.01162083822576 19.978352860207099 -1 2023-11-08T12:22:44Z
50.011694607351522 19.97839089911351 -1 2023-11-08T12:32:08Z
50.011677738858069 19.978373076448918 -1 2023-11-08T12:49:16Z
50.011695366316467 19.978475811737116 -1 2023-11-08T13:04:57Z
50.01166883650356 19.97841565126901 -1 2023-11-08T13:21:02Z
50.011676070967241 19.978416087233775 -1 2023-11-08T13:36:48Z
50.011664058348337 19.978434861967347 -1 2023-11-08T13:54:10Z
50.011687985884414 19.978430323299207 -1 2023-11-08T14:00:13Z
50.011691540574368 19.978431407231803 -1 2023-11-08T14:09:19Z
50.011690770181623 19.978379214975401 -1 2023-11-08T14:25:44Z
50.011683856180142 19.978362575576057 -1 2023-11-08T14:42:24Z
50.011689971180303 19.978350154970176 -1 2023-11-08T15:05:01Z
50.011679797836742 19.978370571215613 -1 2023-11-08T15:13:41Z
50.011683090596804 19.978405690630431 -1 2023-11-08T15:23:34Z
50.01168267222932 19.978412618729308 -1 2023-11-08T15:31:37Z
50.011684576641947 19.978393150551724 -1 2023-11-08T15:35:01Z
50.01168380367119 19.978385982964781 -1 2023-11-08T15:37:12Z
50.011681877716946 19.978396882900032 -1 2023-11-08T15:37:12Z
50.011651991365291 19.978322976114644 -1 2023-11-08T15:44:25Z
50.011679963217048 19.97839214847404 -1 2023-11-08T15:44:25Z
50.011682669326319 19.97839853113236 -1 2023-11-08T15:44:25Z
50.011676018414001 19.978437211971681 -1 2023-11-08T16:15:01Z
50.011681793575569 19.978403624389458 -1 2023-11-08T16:15:01Z
50.011682493807264 19.978402099406392 -1 2023-11-08T16:15:01Z
50.011677617528875 19.978494190102097 -1 2023-11-08T16:33:42Z
50.011683075832764 19.978416064502699 -1 2023-11-08T16:33:42Z
50.011681255251794 19.97842034979903 -1 2023-11-08T16:33:42Z
50.011674235614038 19.978445722852356 -1 2023-11-08T16:45:17Z
50.011662850588934 19.978401400719228 -1 2023-11-08T17:07:03Z
50.01167157756506 19.978450859882205 -1 2023-11-08T17:27:43Z
50.011672329435676 19.978454378393455 -1 2023-11-08T17:29:59Z
50.011669171491214 19.978444240076655 -1 2023-11-08T18:02:44Z
50.01167339251549 19.978517222402708 -1 2023-11-08T18:20:41Z
50.011672511477741 19.978383941952007 -1 2023-11-08T18:27:06Z
50.011673526629615 19.978441319317263 -1 2023-11-08T18:34:09Z
50.011673156125347 19.978442547659043 -1 2023-11-08T18:34:09Z
50.011674623551549 19.978516679284475 -1 2023-11-08T18:42:17Z
50.01167321487965 19.978445515770346 -1 2023-11-08T18:42:17Z
50.011673207469798 19.978442525006415 -1 2023-11-08T18:42:17Z
50.011666598752271 19.978416028375417 -1 2023-11-08T18:46:44Z
50.01167281315584 19.97844094406468 -1 2023-11-08T18:46:44Z
50.011640477550444 19.978629815673035 -1 2023-11-08T18:52:53Z
50.011636463634339 19.978354632135275 -1 2023-11-08T18:55:17Z
50.011670971554373 19.978436851998509 -1 2023-11-08T18:55:24Z
50.011627434420227 19.978418540751942 -1 2023-11-08T19:00:20Z
50.011627434420227 19.978418540751942 -1 2023-11-08T19:01:35Z
50.011668689308259 19.978436317966072 -1 2023-11-08T19:01:35Z
50.011670551341211 19.978436247675624 -1 2023-11-08T19:02:00Z
50.011670079478606 19.97843625803236 -1 2023-11-08T19:02:00Z
50.01168222687938 19.978434500006802 -1 2023-11-08T19:06:49Z
50.011684999115467 19.978349130498522 -1 2023-11-08T20:56:48Z
50.011676560333967 19.978389479655743 -1 2023-11-08T20:56:56Z
50.011672569880638 19.978427694364836 -1 2023-11-08T20:56:56Z
50.01167634978335 19.978390101409541 -1 2023-11-08T21:00:07Z
50.011671883710903 19.978429783238145 -1 2023-11-08T21:00:07Z
50.011671682684252 19.978431515701978 -1 2023-11-08T21:00:07Z
50.011651990256937 19.978322982204407 -1 2023-11-08T21:09:05Z
50.011670635583066 19.978428630556749 -1 2023-11-08T21:09:05Z
50.011651990256937 19.978322982204407 -1 2023-11-08T21:13:52Z
50.011713590047073 19.978496471221494 -1 2023-11-08T21:14:05Z
50.011672405899326 19.978431426524015 -1 2023-11-08T21:14:05Z
50.011672350679525 19.978431711233622 -1 2023-11-08T21:23:29Z
50.011670649862289 19.978429040369317 -1 2023-11-08T21:23:29Z
50.01167490612778 19.978573064921846 -1 2023-11-08T21:28:29Z
50.01167490612778 19.978573064921846 -1 2023-11-08T21:29:23Z
50.011651990773728 19.978322982860618 -1 2023-11-08T21:30:41Z
50.011651990773728 19.978322982860618 -1 2023-11-08T21:30:58Z
50.011669910758343 19.978424839673085 -1 2023-11-08T21:30:58Z
50.011670649822186 19.978429040508825 -1 2023-11-08T21:30:58Z
50.011686489859436 19.978506172560174 -1 2023-11-08T21:35:42Z
50.011671277230718 19.97843209562895 -1 2023-11-08T21:35:42Z
50.011672072651066 19.978436595719014 -1 2023-11-08T21:35:42Z
50.011651991094197 19.97832298096619 -1 2023-11-08T21:42:19Z
50.011670974412738 19.978430630105137 -1 2023-11-08T21:42:19Z
50.011670342760851 19.978427554689954 -1 2023-11-08T21:42:19Z
50.011633142778763 19.978342576023866 -1 2023-11-08T21:57:17Z
50.011668887553093 19.978424230446269 -1 2023-11-08T21:57:17Z
50.011669575424598 19.978428352425183 -1 2023-11-08T21:57:17Z
50.011651990062717 19.978322979955124 -1 2023-11-08T22:13:32Z
50.011668809714699 19.978423078786413 -1 2023-11-08T22:13:32Z
50.011670207606009 19.978426233929643 -1 2023-11-08T22:13:32Z
50.011669075240199 19.978424310072509 -1 2023-11-08T22:13:32Z
