52.143275007829757 21.051788417789151 -1 2024-01-17T22:09:52Z
52.143243688707152 21.051781559346853 -1 2024-01-17T23:01:14Z
52.143272788557539 21.05178793179978 -1 2024-01-17T23:01:14Z
52.143256518630416 21.051776916580245 -1 2024-01-17T23:01:14Z
52.143256514780269 21.05179505670154 -1 2024-01-18T01:55:48Z
52.143256518330709 21.051778329143005 -1 2024-01-18T01:55:48Z
52.143250759971494 21.051772910014254 -1 2024-01-18T01:55:48Z
52.143293954484022 21.051817545676958 -1 2024-01-18T06:03:11Z
52.14325435938855 21.051776629518994 -1 2024-01-18T06:03:11Z
52.143253451517566 21.051774206965113 -1 2024-01-18T06:03:11Z
52.143287189855691 21.051768454477219 -1 2024-01-18T07:41:46Z
52.143273584986112 21.05175144521937 -1 2024-01-18T08:07:35Z
52.143276768655149 21.051739254054418 -1 2024-01-18T08:26:20Z
52.143276078927784 21.051741476886644 -1 2024-01-18T09:09:39Z
52.143277494152926 21.05175047629988 -1 2024-01-18T09:27:54Z
52.14327695664776 21.051751050391918 -1 2024-01-18T09:56:11Z
52.143271431202244 21.051757470754485 -1 2024-01-18T09:56:11Z
52.143278721302636 21.05174858530313 -1 2024-01-18T10:34:00Z
52.143273378470433 21.051756793086358 -1 2024-01-18T10:34:00Z
52.143274534624474 21.051757306399033 -1 2024-01-18T10:34:00Z
