50.01167430000001 19.978463600000001 -1 2023-11-10T18:33:45Z
50.011648177284684 19.978320122783227 -1 2023-11-10T18:40:31Z
50.011669175592708 19.978435454456324 -1 2023-11-10T18:40:31Z
50.011667493332801 19.978433710800289 -1 2023-11-10T18:42:49Z
50.011629947090988 19.978301020496517 -1 2023-11-10T18:44:15Z
50.011664344669754 19.978422583238416 -1 2023-11-10T18:44:15Z
50.011666853849839 19.978432658735716 -1 2023-11-10T18:44:15Z
50.011674851546438 19.97845856592366 -1 2023-11-10T18:48:16Z
50.011668428660442 19.978437760066637 -1 2023-11-10T18:48:16Z
50.011648175471791 19.978320120492207 -1 2023-11-10T18:55:11Z
50.011648175471791 19.978320120492207 -1 2023-11-10T18:56:33Z
50.011666658370544 19.978427477399904 -1 2023-11-10T18:56:33Z
50.011667969186078 19.978432647241718 -1 2023-11-10T18:56:33Z
50.011648175754388 19.978320121781501 -1 2023-11-10T19:08:41Z
50.011639934295545 19.978336073799287 -1 2023-11-10T19:09:04Z
50.011667214043172 19.978429043185177 -1 2023-11-10T19:09:04Z
50.011662251708962 19.978387878571329 -1 2023-11-10T19:13:14Z
50.011648176190505 19.978320119550791 -1 2023-11-10T19:24:49Z
50.01164817628176 19.978320119093603 -1 2023-11-10T19:30:18Z
50.011713525689444 19.978452482306253 -1 2023-11-10T19:31:35Z
50.011697447009574 19.978459774946568 -1 2023-11-10T19:38:58Z
50.011675298666063 19.978445396772855 -1 2023-11-10T19:38:58Z
50.011679582567716 19.978436753384599 -1 2023-11-10T19:54:13Z
50.011686526575069 19.978431627244028 -1 2023-11-10T20:09:27Z
50.011696056570031 19.97843865517692 -1 2023-11-10T20:31:59Z
50.011682751742768 19.978453477221265 -1 2023-11-10T20:43:12Z
50.011648175617353 19.978320118814867 -1 2023-11-10T21:03:56Z
50.011667594630488 19.978421054765967 -1 2023-11-10T21:10:58Z
50.011673505724744 19.97844447230975 -1 2023-11-10T21:29:19Z
50.011672654854259 19.978448183889249 -1 2023-11-10T21:41:25Z
50.011669670753648 19.978437586128269 -1 2023-11-10T21:56:38Z
50.011682955246577 19.978436642741666 -1 2023-11-10T22:14:12Z
50.011676446228336 19.978381841671723 -1 2023-11-10T22:26:41Z
50.011678359937932 19.978391992403601 -1 2023-11-10T22:31:19Z
