51.114679249251637 16.99247209764302 -1 2024-02-01T21:39:03Z
51.114643716382425 16.991965877231745 -1 2024-02-02T02:47:44Z
51.114677019744128 16.992440333936095 -1 2024-02-02T02:47:44Z
51.114644546708135 16.991965837692561 -1 2024-02-02T06:04:17Z
51.114644692263234 16.991965824909656 -1 2024-02-02T06:25:30Z
51.114645706795891 16.991965735811632 -1 2024-02-02T06:33:36Z
51.114677141793251 16.992381916164753 -1 2024-02-02T06:33:36Z
51.11454568888967 16.991985476022805 -1 2024-02-02T07:20:39Z
51.11454778446943 16.992005202591663 -1 2024-02-02T07:38:35Z
51.114516304915099 16.992030316057583 -1 2024-02-02T08:06:02Z
51.114620141011073 16.991979680352301 -1 2024-02-02T08:06:02Z
51.114462221517861 16.99205080552111 -1 2024-02-02T09:25:48Z
51.114590943234404 16.991991919852719 -1 2024-02-02T09:25:48Z
51.114428058481181 16.992045940882157 -1 2024-02-02T10:01:09Z
51.114472140344759 16.992057245442563 -1 2024-02-02T10:28:44Z
51.114457398744577 16.992054016107598 -1 2024-02-02T11:14:25Z
51.114498139081149 16.992061516747416 -1 2024-02-02T11:41:38Z
51.114503393402366 16.99202964746997 -1 2024-02-02T11:41:38Z
51.114496142589758 16.992032922541494 -1 2024-02-02T11:41:38Z
51.11449703725475 16.992035639624969 -1 2024-02-02T12:52:13Z
51.114489658697451 16.992039108980347 -1 2024-02-02T12:52:13Z
51.114489912513712 16.992055690068181 -1 2024-02-02T15:18:22Z
51.114479063236118 16.992060451836625 -1 2024-02-02T15:25:25Z
51.11448201134089 16.992045631305455 -1 2024-02-02T15:25:25Z
51.114478247069222 16.992049187353718 -1 2024-02-02T15:25:25Z
51.11448184120291 16.992060171705674 -1 2024-02-02T16:35:25Z
51.114417123218317 16.992036774861649 -1 2024-02-02T16:44:36Z
51.114410018220219 16.992034162209855 -1 2024-02-02T16:59:27Z
51.114393392752227 16.992028473932614 -1 2024-02-02T17:23:55Z
51.11436214756641 16.992003016868775 -1 2024-02-02T17:28:42Z
51.114419154861515 16.991977471948747 -1 2024-02-02T17:48:27Z
51.114453018387231 16.992044518660894 -1 2024-02-02T17:48:27Z
51.114526837435555 16.991974126827241 -1 2024-02-02T18:15:07Z
51.114562788876533 16.991973033695992 -1 2024-02-02T18:24:00Z
51.114620893591514 16.991967844806474 -1 2024-02-02T18:46:22Z
51.114463007912974 16.992029540135718 -1 2024-02-02T18:46:22Z
51.114692799999986 16.991961599999993 -1 2024-02-02T19:14:51Z
51.114477734276271 16.992015750493255 -1 2024-02-02T19:14:51Z
51.114692799999986 16.991961599999993 -1 2024-02-02T19:43:56Z
51.11448960405437 16.992006894903355 -1 2024-02-02T19:43:56Z
51.114490759792858 16.991998963001794 -1 2024-02-02T19:43:56Z
51.114692799999993 16.991961599999996 -1 2024-02-02T20:12:26Z
51.11450284264081 16.991996728547551 -1 2024-02-02T20:12:26Z
51.114516209419094 16.991990483855453 -1 2024-02-02T20:12:26Z
51.114692225649577 16.991961160287186 -1 2024-02-02T21:01:54Z
51.114527625264095 16.991988582030213 -1 2024-02-02T21:01:54Z
51.114692223325484 16.991961161359164 -1 2024-02-02T21:32:19Z
51.114557280379643 16.991979674677712 -1 2024-02-02T21:32:19Z
51.114584933003471 16.991971440785015 -1 2024-02-02T21:32:19Z
