52.020508840825229 15.112141109914452 -1 2024-01-13T15:26:50Z
52.020506791650767 15.112151597594128 -1 2024-01-14T07:09:32Z
52.0205085665851 15.112142513476389 -1 2024-01-14T07:09:32Z
52.020507095339227 15.112150300507476 -1 2024-01-14T07:41:01Z
52.020507844111684 15.112146450881166 -1 2024-01-14T07:41:01Z
52.020507123503762 15.112150176583494 -1 2024-01-14T12:01:58Z
52.020507749657 15.112146939232804 -1 2024-01-14T12:01:58Z
52.020507597050369 15.112147721652796 -1 2024-01-14T12:01:58Z
52.020507126028328 15.112150165475416 -1 2024-01-14T12:02:32Z
52.02050754150504 15.112148009840938 -1 2024-01-14T12:02:32Z
52.020507360022513 15.112148923218102 -1 2024-01-14T12:02:32Z
52.020506246909562 15.112149626031066 -1 2024-01-14T18:55:40Z
52.020507241321866 15.112148998164985 -1 2024-01-14T18:55:40Z
52.020507070939487 15.112149823742779 -1 2024-01-14T18:55:40Z
