50.011734911210745 19.978502172091961 -1 2024-01-27T22:51:52Z
50.011735199071168 19.978490886260357 -1 2024-01-27T23:08:18Z
50.011732024883081 19.97849261812512 -1 2024-01-27T23:42:34Z
50.011731971272511 19.978491338428377 -1 2024-01-27T23:58:25Z
50.011726617678931 19.978483270110377 -1 2024-01-27T23:58:25Z
50.011733474356916 19.978484873458569 -1 2024-01-28T00:42:12Z
50.011733352267072 19.978490768330669 -1 2024-01-28T01:16:48Z
50.011733253766522 19.978491642658128 -1 2024-01-28T01:22:50Z
50.011732887946316 19.978485938812447 -1 2024-01-28T02:07:30Z
50.011734030316056 19.978479056287036 -1 2024-01-28T02:24:26Z
50.011734087115812 19.978480249111698 -1 2024-01-28T03:14:10Z
50.011734004215874 19.978485187743267 -1 2024-01-28T03:31:38Z
50.01172592441241 19.97849915602886 -1 2024-01-28T03:31:38Z
50.011724781455847 19.978502217014295 -1 2024-01-28T03:31:38Z
50.011736843320698 19.978450543108014 -1 2024-01-28T04:39:02Z
50.011738611126866 19.978424002422344 -1 2024-01-28T05:12:37Z
50.011739221339148 19.978420238957494 -1 2024-01-28T05:46:05Z
50.011738855787321 19.978412110472227 -1 2024-01-28T06:19:02Z
50.011727344129788 19.978479758740516 -1 2024-01-28T06:19:02Z
50.011744660965405 19.978430520057234 -1 2024-01-28T07:04:36Z
50.011741287707153 19.978426368112434 -1 2024-01-28T07:41:21Z
50.011743618605792 19.978427898284338 -1 2024-01-28T08:18:10Z
50.011738891091312 19.978431137021765 -1 2024-01-28T09:06:56Z
50.011729493488453 19.978424905720956 -1 2024-01-28T09:35:13Z
50.011729979432197 19.978457328754015 -1 2024-01-28T09:35:13Z
50.011725494002484 19.978407851448331 -1 2024-01-28T10:40:09Z
50.011729004035288 19.97840137028809 -1 2024-01-28T11:02:46Z
50.01172675100554 19.978387819611854 -1 2024-01-28T11:32:10Z
50.011728432683491 19.978438592373479 -1 2024-01-28T11:32:10Z
50.011727764767521 19.978437643327165 -1 2024-01-28T11:32:10Z
50.011733667308043 19.978434666209555 -1 2024-01-28T12:46:49Z
50.011687318612402 19.97847948379194 -1 2024-01-28T13:07:42Z
50.011730721144836 19.978424096429581 -1 2024-01-28T13:07:42Z
50.011722939717011 19.978398686005637 -1 2024-01-28T13:38:46Z
50.011730142941481 19.978422208292894 -1 2024-01-28T13:38:46Z
50.011729471031224 19.978422065937281 -1 2024-01-28T13:38:46Z
50.011689090284477 19.978504164912291 -1 2024-01-28T14:07:12Z
50.01172896512719 19.978423298722401 -1 2024-01-28T14:07:12Z
50.01170717972466 19.978379450338593 -1 2024-01-28T14:31:13Z
50.01172656591698 19.978420279079696 -1 2024-01-28T14:31:13Z
50.011725550243106 19.978420954159123 -1 2024-01-28T14:31:13Z
50.011716291899802 19.978376591848239 -1 2024-01-28T15:25:51Z
50.011712064632782 19.978402167489882 -1 2024-01-28T15:52:06Z
50.011722320010414 19.978415229782986 -1 2024-01-28T15:52:06Z
50.0117166905396 19.978419882436274 -1 2024-01-28T16:04:58Z
50.011720489372642 19.978414826609022 -1 2024-01-28T16:04:58Z
50.011719510133851 19.978418359648341 -1 2024-01-28T16:37:16Z
50.011718774452454 19.978414189493819 -1 2024-01-28T16:37:16Z
50.011718270426137 19.978415977172798 -1 2024-01-28T17:11:13Z
50.011717320921925 19.978413132639872 -1 2024-01-28T17:11:13Z
50.011734262023943 19.978426059532637 -1 2024-01-28T17:49:46Z
50.011731562372546 19.978437197402204 -1 2024-01-28T18:10:11Z
50.011729921381153 19.978431094596861 -1 2024-01-28T18:11:35Z
50.011718314571183 19.978417786911848 -1 2024-01-28T18:11:35Z
50.011717676218034 19.978420054422788 -1 2024-01-28T18:11:35Z
50.011727962975883 19.978442928892573 -1 2024-01-28T19:56:54Z
50.011733432125894 19.978450580994892 -1 2024-01-28T20:12:14Z
50.011719267086264 19.978425556572191 -1 2024-01-28T20:12:14Z
50.011729372973704 19.97845827638103 -1 2024-01-28T20:29:44Z
50.011729682061336 19.978460415263406 -1 2024-01-28T20:33:30Z
50.011732982359 19.978452547520451 -1 2024-01-28T20:50:36Z
50.011732069350955 19.9784520351979 -1 2024-01-28T21:11:11Z
50.011725057599342 19.978446837985512 -1 2024-01-28T21:11:11Z
50.011720483591382 19.978465055708991 -1 2024-01-28T21:26:23Z
50.011724689997124 19.978448302101498 -1 2024-01-28T21:26:23Z
50.011725127109294 19.978450828852125 -1 2024-01-28T21:26:23Z
50.011719463598048 19.978464438353182 -1 2024-01-28T22:09:23Z
50.011719306329901 19.9784657344983 -1 2024-01-28T22:35:28Z
