52.143338799999988 21.052197400000001 -1 2024-01-31T22:39:34Z
52.143338799999974 21.052197399999997 -1 2024-01-31T22:50:45Z
52.143338799999988 21.052197400000001 -1 2024-01-31T23:14:46Z
52.143338973656604 21.052197199795131 -1 2024-01-31T23:14:46Z
52.143338895780531 21.052197289576743 -1 2024-01-31T23:14:46Z
52.143338800000002 21.052197400000001 -1 2024-02-01T05:35:35Z
52.143338799999995 21.052197400000001 -1 2024-02-01T05:59:00Z
52.143338799999981 21.052197400000001 -1 2024-02-01T05:59:50Z
52.143338799999988 21.052197400000001 -1 2024-02-01T06:35:23Z
52.143338768071217 21.052192594159202 -1 2024-02-01T12:46:23Z
52.143338797426878 21.05219701269997 -1 2024-02-01T12:46:23Z
52.143338797202794 21.052196978971661 -1 2024-02-01T12:46:23Z
52.143324253155789 21.052145228890343 -1 2024-02-01T15:06:09Z
52.14333748893695 21.052192323944627 -1 2024-02-01T15:06:09Z
52.143337376938163 21.0521918903179 -1 2024-02-01T15:06:09Z
52.143323766375161 21.052143483092088 -1 2024-02-01T16:15:02Z
52.143336192032095 21.052187676085921 -1 2024-02-01T16:15:02Z
52.143335959757032 21.052186810039107 -1 2024-02-01T16:15:02Z
52.143324018056113 21.052144385724869 -1 2024-02-01T17:02:51Z
52.143334924687849 21.052183132829576 -1 2024-02-01T17:02:51Z
52.143323343982658 21.052141968216549 -1 2024-02-01T17:22:14Z
52.143322096442446 21.052137494018002 -1 2024-02-01T17:45:27Z
52.143332305277781 21.052173739515741 -1 2024-02-01T17:45:27Z
52.143322140283871 21.052144834087841 -1 2024-02-01T18:08:11Z
52.143330924221601 21.052169379905987 -1 2024-02-01T18:08:11Z
52.143330205533715 21.052166822991865 -1 2024-02-01T18:08:11Z
52.143337137530096 21.052194564214062 -1 2024-02-01T18:33:32Z
52.143329975690918 21.052166252700054 -1 2024-02-01T18:33:32Z
52.143337188207113 21.052194650657228 -1 2024-02-01T18:58:44Z
52.143330525582584 21.052168417796146 -1 2024-02-01T18:58:44Z
52.143329761055426 21.052165739943931 -1 2024-02-01T18:58:44Z
52.143337188207106 21.052194650657238 -1 2024-02-01T19:09:19Z
52.143330332073553 21.052167962671088 -1 2024-02-01T19:09:19Z
52.14332955274751 21.052165253476375 -1 2024-02-01T19:09:19Z
52.143337336636179 21.052194903842601 -1 2024-02-01T19:40:08Z
52.143330195621353 21.052167702308076 -1 2024-02-01T19:40:08Z
52.143337279217022 21.052194805898917 -1 2024-02-01T19:59:26Z
52.143338799999981 21.052197400000001 -1 2024-02-01T20:28:11Z
52.143330087667515 21.052167926273835 -1 2024-02-01T20:28:11Z
52.143338799999981 21.052197400000001 -1 2024-02-01T20:48:33Z
52.143338799999981 21.052197400000001 -1 2024-02-01T21:06:16Z
52.143338799999981 21.052197400000001 -1 2024-02-01T21:31:31Z
52.143333911624858 21.052181696467859 -1 2024-02-01T21:31:31Z
52.143338799999981 21.052197400000001 -1 2024-02-01T21:52:31Z
52.143338799999981 21.052197400000001 -1 2024-02-01T22:08:19Z
52.14333667468275 21.052191630106805 -1 2024-02-01T22:08:19Z
52.143338799999981 21.052197400000001 -1 2024-02-01T22:34:38Z
