52.143340786671949 21.052183776146556 -1 2024-01-24T22:42:44Z
52.143338799999981 21.052197400000001 -1 2024-01-24T23:07:08Z
52.143340628232686 21.05218486266433 -1 2024-01-24T23:07:08Z
52.143338799999981 21.052197400000001 -1 2024-01-24T23:39:29Z
52.143338799999981 21.052197400000001 -1 2024-01-24T23:54:36Z
52.143338799999988 21.052197400000001 -1 2024-01-25T00:07:47Z
52.143338799999988 21.052197400000001 -1 2024-01-25T00:27:45Z
52.143340459865179 21.052187547502587 -1 2024-01-25T00:27:45Z
52.143338799999988 21.052197400000001 -1 2024-01-25T01:08:35Z
52.143338799999988 21.052197400000001 -1 2024-01-25T01:22:20Z
52.143338799999981 21.052197400000001 -1 2024-01-25T01:32:59Z
52.143340538136151 21.052187755056426 -1 2024-01-25T01:32:59Z
52.143340081366382 21.052190289679199 -1 2024-01-25T01:32:59Z
52.143338799999988 21.052197400000001 -1 2024-01-25T07:07:47Z
52.143338799999988 21.052197400000001 -1 2024-01-25T07:28:09Z
52.143338799999981 21.052197400000001 -1 2024-01-25T07:46:33Z
52.143338799999981 21.052197400000001 -1 2024-01-25T07:55:36Z
52.143338799999981 21.052197400000001 -1 2024-01-25T08:23:54Z
52.143338799999981 21.052197400000001 -1 2024-01-25T08:32:04Z
52.143338800000002 21.052197399999997 -1 2024-01-25T08:55:24Z
52.143338799999988 21.052197400000001 -1 2024-01-25T09:04:51Z
52.143338800000002 21.052197400000001 -1 2024-01-25T09:20:18Z
52.143338799999988 21.052197399999997 -1 2024-01-25T09:39:14Z
52.143338799999981 21.052197400000001 -1 2024-01-25T09:47:48Z
52.143338799999988 21.052197400000001 -1 2024-01-25T10:06:01Z
52.143338800000002 21.052197400000001 -1 2024-01-25T10:55:46Z
52.143339330583899 21.052191451739848 -1 2024-01-25T11:27:31Z
52.143338842653527 21.052196921820592 -1 2024-01-25T11:27:31Z
52.143338847368526 21.052196868961847 -1 2024-01-25T11:27:31Z
52.143339310070701 21.052191681708923 -1 2024-01-25T12:43:47Z
52.143338886567712 21.052196429508456 -1 2024-01-25T12:43:47Z
52.143339304057427 21.052191749122432 -1 2024-01-25T14:05:13Z
52.143339252648296 21.052192325459053 -1 2024-01-25T14:46:08Z
52.143339238326483 21.052192486017734 -1 2024-01-25T14:48:02Z
52.143339304668736 21.052191742269173 -1 2024-01-25T15:46:42Z
52.143339049808951 21.052194599446743 -1 2024-01-25T15:46:42Z
52.143338799999981 21.052197400000001 -1 2024-01-25T16:44:18Z
52.143339086932293 21.052194183265218 -1 2024-01-25T16:44:18Z
52.143339112840685 21.052193892811825 -1 2024-01-25T16:44:18Z
52.143338799999988 21.052197400000001 -1 2024-01-25T19:06:45Z
52.143338799999988 21.052197400000001 -1 2024-01-25T19:49:49Z
52.143338800000002 21.052197400000001 -1 2024-01-25T20:06:47Z
52.143339120477478 21.052193807197455 -1 2024-01-25T20:06:47Z
52.143338799999988 21.052197400000001 -1 2024-01-25T20:25:11Z
52.143339095326752 21.052194089156778 -1 2024-01-25T20:25:11Z
52.143339075012094 21.052194316899978 -1 2024-01-25T20:25:11Z
52.143338799999981 21.052197400000001 -1 2024-01-25T20:40:59Z
52.143339053476687 21.05219455832858 -1 2024-01-25T20:40:59Z
52.143339030399353 21.052194817043485 -1 2024-01-25T20:40:59Z
52.143338800000002 21.052197400000001 -1 2024-01-25T21:00:07Z
52.143339009495399 21.05219505139311 -1 2024-01-25T21:00:07Z
52.143338982910748 21.05219534942778 -1 2024-01-25T21:00:07Z
52.143338799999974 21.052197400000004 -1 2024-01-25T21:26:24Z
52.143338936434837 21.052195870459052 -1 2024-01-25T21:26:24Z
52.143338799999974 21.052197400000008 -1 2024-01-25T21:39:39Z
52.143338922581982 21.052196025760345 -1 2024-01-25T21:39:39Z
52.14333889107639 21.05219637896268 -1 2024-01-25T21:39:39Z
52.143338799999981 21.052197400000001 -1 2024-01-25T21:57:03Z
52.143338881850411 21.052196482392958 -1 2024-01-25T21:57:03Z
52.143338844654508 21.052196899388047 -1 2024-01-25T21:57:03Z
52.143338799999981 21.052197400000008 -1 2024-01-25T22:19:51Z
52.143338840174721 21.052196949609861 -1 2024-01-25T22:19:51Z
52.143338799999974 21.052197400000004 -1 2024-01-25T22:31:53Z
