50.011719306329901 19.9784657344983 -1 2024-01-28T22:35:28Z
50.011724744224608 19.978455552321755 -1 2024-01-28T22:35:28Z
50.011723997529479 19.978457866103213 -1 2024-01-28T22:35:28Z
50.011727865387485 19.978471049035864 -1 2024-01-29T00:20:01Z
50.011728147236887 19.978468986422417 -1 2024-01-29T00:37:05Z
50.011724027608075 19.978461229095714 -1 2024-01-29T00:37:05Z
50.011723549442891 19.978463673922782 -1 2024-01-29T00:37:05Z
50.011726971809765 19.978463759420176 -1 2024-01-29T01:58:33Z
50.011723804726692 19.978463680300273 -1 2024-01-29T01:58:33Z
50.011726164699937 19.978463906748811 -1 2024-01-29T02:48:18Z
50.011726475373671 19.978463077219885 -1 2024-01-29T03:20:46Z
50.0117231684277 19.978466159534165 -1 2024-01-29T03:20:46Z
50.011722679174646 19.978466781151926 -1 2024-01-29T03:20:46Z
50.011720004010641 19.978444336579411 -1 2024-01-29T05:00:51Z
50.011719923373562 19.978442769490318 -1 2024-01-29T05:33:50Z
50.011721765153318 19.978463792684423 -1 2024-01-29T05:33:50Z
50.011720821719678 19.978464738469231 -1 2024-01-29T05:33:50Z
50.01172133730924 19.978413972885171 -1 2024-01-29T07:53:51Z
50.011720860349293 19.978460935025311 -1 2024-01-29T07:53:51Z
50.011670731529819 19.978555918041593 -1 2024-01-29T08:49:32Z
50.011652627287418 19.978375119172071 -1 2024-01-29T08:51:44Z
50.011712219878177 19.978458588584513 -1 2024-01-29T08:51:44Z
50.01171630045463 19.978449015749913 -1 2024-01-29T08:51:44Z
50.011721669985967 19.978418761053295 -1 2024-01-29T08:58:37Z
50.011716704768595 19.978446737639256 -1 2024-01-29T08:58:37Z
50.011716374758919 19.978445137898404 -1 2024-01-29T08:58:37Z
50.011723997894293 19.978416169165364 -1 2024-01-29T09:17:39Z
50.011716968157891 19.9784428829199 -1 2024-01-29T09:17:39Z
50.011716756120293 19.978441051355997 -1 2024-01-29T09:17:39Z
50.011720074908268 19.978422993220004 -1 2024-01-29T09:36:29Z
50.011717014583304 19.978439645011832 -1 2024-01-29T09:36:29Z
50.011716825772361 19.978437495571132 -1 2024-01-29T09:36:29Z
50.011716780666752 19.97843600308126 -1 2024-01-29T09:52:01Z
50.011727786168798 19.978432837930576 -1 2024-01-29T10:05:24Z
50.011716894012494 19.978434506440362 -1 2024-01-29T10:05:24Z
50.011715991211645 19.978431740252418 -1 2024-01-29T10:05:24Z
50.011652157051415 19.978499256283229 -1 2024-01-29T11:54:07Z
50.011715945378938 19.978443839581054 -1 2024-01-29T11:54:07Z
50.011728865821532 19.978440263918721 -1 2024-01-29T18:13:53Z
50.011725013222325 19.978437809597047 -1 2024-01-29T18:33:59Z
50.01171679810421 19.978441640762469 -1 2024-01-29T18:33:59Z
50.011719749629563 19.978442181385965 -1 2024-01-29T18:47:20Z
50.011716336149973 19.978440040776128 -1 2024-01-29T18:47:20Z
50.011718938563632 19.978442707694999 -1 2024-01-29T19:30:33Z
50.011715788498769 19.978438549442693 -1 2024-01-29T19:30:33Z
50.011715450112781 19.978438084899871 -1 2024-01-29T19:30:33Z
50.011715656211543 19.97843843517084 -1 2024-01-29T20:22:29Z
50.011717359910456 19.978443119279884 -1 2024-01-29T20:44:52Z
50.011717427295061 19.978442936614446 -1 2024-01-29T20:56:23Z
50.011715180947242 19.978440603067611 -1 2024-01-29T20:56:23Z
50.011714663029601 19.978442346370322 -1 2024-01-29T20:56:23Z
50.011717940599851 19.978444572124285 -1 2024-01-29T22:17:08Z
50.011669695627006 19.978539888073474 -1 2024-01-29T22:40:10Z
50.011646481771429 19.978498115851199 -1 2024-01-29T22:55:58Z
