52.143339661724397 21.052189083679423 -1 2024-01-24T22:39:35Z
52.143344267228734 21.052167497858836 -1 2024-01-24T23:06:41Z
52.143340062498993 21.052187205265323 -1 2024-01-24T23:06:41Z
52.143338799999988 21.052197400000001 -1 2024-01-24T23:39:03Z
52.143338799999988 21.052197399999997 -1 2024-01-24T23:54:43Z
52.143338800000002 21.052197400000001 -1 2024-01-25T00:07:33Z
52.143338799999981 21.052197400000001 -1 2024-01-25T00:23:41Z
52.143338799999988 21.052197400000001 -1 2024-01-25T00:48:27Z
52.143338799999988 21.052197400000001 -1 2024-01-25T01:08:22Z
52.143338799999981 21.052197400000001 -1 2024-01-25T01:13:30Z
52.143338799999974 21.052197400000004 -1 2024-01-25T01:29:26Z
52.143340421067542 21.05218853383305 -1 2024-01-25T01:29:26Z
52.143340296578394 21.052189214706488 -1 2024-01-25T01:29:26Z
52.143338799999981 21.052197400000001 -1 2024-01-25T07:07:47Z
52.143340188267629 21.052189807094763 -1 2024-01-25T07:07:47Z
52.143338799999981 21.052197400000001 -1 2024-01-25T07:31:07Z
52.143338799999981 21.052197400000001 -1 2024-01-25T08:03:57Z
52.143338799999981 21.052197400000001 -1 2024-01-25T08:23:49Z
52.143338799999974 21.052197400000004 -1 2024-01-25T08:31:58Z
52.143338799999981 21.052197400000001 -1 2024-01-25T08:55:46Z
52.143338799999981 21.052197400000001 -1 2024-01-25T09:05:48Z
52.143338799999981 21.052197400000001 -1 2024-01-25T09:18:40Z
52.143338799999981 21.052197400000001 -1 2024-01-25T09:40:06Z
52.143338799999981 21.052197400000001 -1 2024-01-25T09:47:16Z
52.143338799999988 21.052197400000001 -1 2024-01-25T09:57:35Z
52.143336215251288 21.052192106259252 -1 2024-01-25T10:42:11Z
52.143337631508615 21.052195006850173 -1 2024-01-25T10:56:39Z
52.143334977809566 21.052184350151855 -1 2024-01-25T11:15:02Z
52.143334464635629 21.052182598057083 -1 2024-01-25T12:13:08Z
52.143334832106063 21.052183852686291 -1 2024-01-25T12:23:56Z
52.143338004949477 21.052191360776447 -1 2024-01-25T13:10:55Z
52.143337464540444 21.052193011592255 -1 2024-01-25T13:10:55Z
52.143338799999988 21.052197400000001 -1 2024-01-25T14:10:03Z
52.143338799999981 21.052197400000001 -1 2024-01-25T14:46:35Z
52.143338800000002 21.052197400000001 -1 2024-01-25T15:06:40Z
52.143338799999981 21.052197400000001 -1 2024-01-25T15:47:46Z
52.143338799999974 21.052197399999997 -1 2024-01-25T16:05:46Z
52.143338800000002 21.052197400000001 -1 2024-01-25T16:46:10Z
52.143337571453159 21.052193362914448 -1 2024-01-25T16:46:10Z
52.143337691079893 21.05219347376045 -1 2024-01-25T16:46:10Z
52.14334882755233 21.052191565581666 -1 2024-01-25T18:20:42Z
52.143338669839487 21.052193306054935 -1 2024-01-25T18:20:42Z
52.143343577296378 21.052194620384302 -1 2024-01-25T19:14:04Z
52.143343140808675 21.052194874349738 -1 2024-01-25T19:49:49Z
52.143340269861326 21.052194842564386 -1 2024-01-25T19:49:49Z
52.143340531729322 21.052194851389007 -1 2024-01-25T20:06:55Z
52.143340932931331 21.052195625598543 -1 2024-01-25T20:06:55Z
52.143343035271691 21.052194935755235 -1 2024-01-25T20:38:52Z
52.143341126412693 21.052195562111283 -1 2024-01-25T20:38:52Z
52.143341377628921 21.052195900235922 -1 2024-01-25T20:38:52Z
52.143343000448759 21.052194956016582 -1 2024-01-25T21:00:02Z
52.143341525390397 21.052195814262582 -1 2024-01-25T21:00:02Z
52.143341769341269 21.052195672322529 -1 2024-01-25T21:00:02Z
52.143338800000024 21.052197400000004 -1 2024-01-25T21:27:23Z
52.143341728838472 21.052195695888617 -1 2024-01-25T21:27:23Z
52.143338800000024 21.052197399999997 -1 2024-01-25T21:41:28Z
52.143341461619777 21.052195851366797 -1 2024-01-25T21:41:28Z
52.143341678154975 21.052195725378244 -1 2024-01-25T21:41:28Z
52.143338799999981 21.052197400000001 -1 2024-01-25T21:48:28Z
52.143341424765346 21.052195872810142 -1 2024-01-25T21:48:28Z
52.143341648618957 21.052195742563455 -1 2024-01-25T21:48:28Z
52.143338799999981 21.052197400000001 -1 2024-01-25T22:23:47Z
52.143341406812233 21.052195883255948 -1 2024-01-25T22:23:47Z
52.143338799999981 21.052197400000001 -1 2024-01-25T22:43:24Z
