52.143496217862719 21.051934953129575 -1 2024-01-05T22:28:30Z
52.143451213426253 21.05212807699105 -1 2024-01-05T22:28:30Z
52.143501606232334 21.051916660571987 -1 2024-01-05T23:40:08Z
52.143484404332511 21.051983704250912 -1 2024-01-05T23:46:36Z
52.143487084111186 21.051972821207851 -1 2024-01-06T00:13:55Z
52.143462813603492 21.052072416041124 -1 2024-01-06T00:13:55Z
52.143438017788931 21.052174743231536 -1 2024-01-06T01:37:55Z
52.143435700000005 21.052181500000014 -1 2024-01-06T01:59:28Z
52.143463472286534 21.052069963562509 -1 2024-01-06T01:59:28Z
52.143466032548886 21.052059591097063 -1 2024-01-06T01:59:28Z
52.143518824329561 21.051493727775167 -1 2024-01-06T04:14:46Z
52.143472220898239 21.05199326113577 -1 2024-01-06T04:14:46Z
52.143474625143817 21.051979739821032 -1 2024-01-06T04:14:46Z
52.143451796718459 21.052048318248126 -1 2024-01-06T09:05:05Z
52.143451485868525 21.052050890184841 -1 2024-01-06T10:13:21Z
52.143437988273917 21.052171466367213 -1 2024-01-06T10:51:10Z
52.143472633901744 21.051979744104482 -1 2024-01-06T10:51:10Z
52.14346372634455 21.052143757734342 -1 2024-01-06T11:43:38Z
52.1434728084689 21.052130696123012 -1 2024-01-06T12:16:55Z
52.143473367950776 21.052129858521514 -1 2024-01-06T12:32:44Z
52.143459942962416 21.052143005725693 -1 2024-01-06T13:14:48Z
52.143467969223792 21.052131346938197 -1 2024-01-06T13:47:18Z
52.143510655490161 21.052085964051237 -1 2024-01-06T14:20:50Z
52.143505087639845 21.05209306067545 -1 2024-01-06T14:47:32Z
52.143468051653592 21.05211770811562 -1 2024-01-06T15:22:47Z
52.14345120680025 21.052178451785945 -1 2024-01-06T15:32:23Z
52.143451007763971 21.052178490911064 -1 2024-01-06T16:07:46Z
52.143449422509974 21.052161422499417 -1 2024-01-06T16:32:08Z
52.143482658738854 21.051997919961643 -1 2024-01-06T17:12:13Z
52.14347191329577 21.052125589069689 -1 2024-01-06T17:12:13Z
52.143501522820316 21.051924172480895 -1 2024-01-06T17:38:09Z
52.143482364811938 21.051999069041365 -1 2024-01-06T18:18:19Z
52.143465210491776 21.052066132145228 -1 2024-01-06T18:41:58Z
52.143462502334671 21.052076719397032 -1 2024-01-06T19:05:38Z
52.143442754081164 21.052153922939475 -1 2024-01-06T19:49:28Z
52.143466190608997 21.052044921056691 -1 2024-01-06T20:09:32Z
52.143463805974619 21.052054999193633 -1 2024-01-06T20:54:28Z
52.143469906343576 21.052042979118163 -1 2024-01-06T21:08:36Z
52.143441577778056 21.052173935293439 -1 2024-01-06T21:43:36Z
52.143452826740095 21.052149533905823 -1 2024-01-06T22:14:43Z
52.143454802670362 21.052143993258326 -1 2024-01-06T22:19:13Z
