25.254401533942897 55.33261101642951 -1 2024-01-11T22:52:39Z
25.254408223444063 55.332615017170959 -1 2024-01-11T23:17:21Z
25.254406926261105 55.332622663203161 -1 2024-01-11T23:36:09Z
25.246882865966217 55.361191455252737 -1 2024-01-12T00:20:45Z
25.251721043887304 55.356178629725086 -1 2024-01-12T00:54:02Z
25.251709432589344 55.35617487191449 -1 2024-01-12T01:00:01Z
25.251722115109697 55.356154820345758 -1 2024-01-12T01:40:31Z
25.25168877789033 55.356176903904299 -1 2024-01-12T02:20:37Z
25.253726651753418 55.352594983078319 -1 2024-01-12T02:27:57Z
25.267027457481724 55.342021901589909 -1 2024-01-12T03:11:13Z
50.073104505336694 19.801629471276339 -1 2024-01-12T10:35:46Z
50.071617915402697 19.800904298228843 -1 2024-01-12T11:22:13Z
50.011653100907225 19.977900149063483 -1 2024-01-12T11:50:34Z
50.011671934248589 19.978089932560664 -1 2024-01-12T11:59:03Z
50.011664837843718 19.978234421459963 -1 2024-01-12T12:40:51Z
50.011679744858696 19.978285293464253 -1 2024-01-12T13:20:18Z
50.011667718089114 19.978133491234992 -1 2024-01-12T13:20:18Z
50.011682649884001 19.978290182187497 -1 2024-01-12T13:54:58Z
50.011670837175025 19.978166222041086 -1 2024-01-12T13:54:58Z
50.011654538960983 19.978427139583349 -1 2024-01-12T15:13:22Z
50.011667486884008 19.978219857514965 -1 2024-01-12T15:13:22Z
50.011651683872536 19.978540870950418 -1 2024-01-12T15:18:22Z
50.011666900029219 19.978243236689327 -1 2024-01-12T15:18:22Z
50.011677425281121 19.978643208644051 -1 2024-01-12T15:22:58Z
50.011668694821779 19.978311437201036 -1 2024-01-12T15:22:58Z
50.011672191617762 19.97826427368074 -1 2024-01-12T15:22:58Z
50.011686506414122 19.97866424340685 -1 2024-01-12T15:33:27Z
50.011674058393375 19.978268597671509 -1 2024-01-12T15:33:27Z
50.011642099351349 19.978471412811672 -1 2024-01-12T15:41:02Z
50.011768227719216 19.978473546468877 -1 2024-01-12T15:41:56Z
50.01169085730826 19.978229397020748 -1 2024-01-12T15:41:56Z
50.011654464508808 19.978563454725911 -1 2024-01-12T15:48:32Z
50.01166747164239 19.978247879116083 -1 2024-01-12T15:48:32Z
50.01167021440947 19.978243118564119 -1 2024-01-12T16:05:17Z
50.011667807161828 19.978540296412675 -1 2024-01-12T16:06:29Z
50.01167021440947 19.978243118564119 -1 2024-01-12T16:06:29Z
50.011670573700869 19.978514542628403 -1 2024-01-12T16:09:05Z
50.011652349681064 19.978415290142269 -1 2024-01-12T18:38:55Z
50.011674543441728 19.978381129016352 -1 2024-01-12T18:38:55Z
50.011697360367577 19.978604787237554 -1 2024-01-12T18:44:10Z
50.011697360367577 19.978604787237554 -1 2024-01-12T18:45:25Z
50.011697360367577 19.978604787237554 -1 2024-01-12T18:47:03Z
50.011655394330383 19.978496764334182 -1 2024-01-12T18:48:56Z
50.011655394330383 19.978496764334182 -1 2024-01-12T18:50:10Z
50.01167002541758 19.978388663510618 -1 2024-01-12T18:50:10Z
50.011655394330383 19.978496764334182 -1 2024-01-12T18:52:58Z
50.011669268448188 19.978394256348977 -1 2024-01-12T18:53:42Z
50.011647728549093 19.978562673240123 -1 2024-01-12T18:54:56Z
50.011647728549093 19.978562673240123 -1 2024-01-12T18:56:11Z
50.011669607176799 19.978392259503739 -1 2024-01-12T18:57:26Z
50.011647728549093 19.978562673240123 -1 2024-01-12T18:58:41Z
50.011649548216923 19.978535772859207 -1 2024-01-12T18:59:56Z
50.011649548216923 19.978535772859207 -1 2024-01-12T19:01:11Z
50.011649548216923 19.978535772859207 -1 2024-01-12T19:02:26Z
50.011649548216923 19.978535772859207 -1 2024-01-12T19:03:41Z
50.011669706455905 19.978390791817727 -1 2024-01-12T19:03:41Z
50.011659338674164 19.978536435784203 -1 2024-01-12T19:07:26Z
50.011669676591247 19.978398361330555 -1 2024-01-12T19:08:41Z
50.011665940751158 19.978584546758231 -1 2024-01-12T19:14:01Z
50.01166883381044 19.978402872325095 -1 2024-01-12T19:14:01Z
50.011636375264175 19.978543713441745 -1 2024-01-12T19:24:26Z
50.011703434445266 19.978660361055084 -1 2024-01-12T19:29:41Z
50.011671652469737 19.978406124051819 -1 2024-01-12T19:29:41Z
50.011691490567792 19.978601376850953 -1 2024-01-12T19:40:11Z
50.011644744436815 19.978600188892464 -1 2024-01-12T19:45:26Z
50.011668791545787 19.978410677615333 -1 2024-01-12T19:45:26Z
50.011629437058915 19.978687264228238 -1 2024-01-12T19:55:56Z
50.01166825154791 19.978419471850181 -1 2024-01-12T19:55:56Z
50.011632949700747 19.978398277110266 -1 2024-01-12T20:41:23Z
50.01166717320401 19.978432991875724 -1 2024-01-12T20:41:23Z
50.011668559194923 19.97843341816645 -1 2024-01-12T20:41:23Z
50.011668386255259 19.978434469267981 -1 2024-01-12T20:45:29Z
50.011668463406487 19.978438819017292 -1 2024-01-12T20:45:29Z
50.011703052269937 19.978452608888617 -1 2024-01-12T20:50:29Z
50.011647826720356 19.978467562388232 -1 2024-01-12T20:51:44Z
50.011668309392149 19.9784414403188 -1 2024-01-12T20:52:59Z
50.011647826720356 19.978467562388232 -1 2024-01-12T20:54:14Z
50.011647826720356 19.978467562388232 -1 2024-01-12T20:55:29Z
50.011667780508319 19.978569138823858 -1 2024-01-12T20:56:44Z
50.011669420378489 19.978443513413652 -1 2024-01-12T20:56:44Z
50.011627054506533 19.978660177625475 -1 2024-01-12T21:12:29Z
50.011627054506533 19.978660177625475 -1 2024-01-12T21:14:25Z
50.011627054506533 19.978660177625475 -1 2024-01-12T21:16:13Z
50.011659659423799 19.978497299180198 -1 2024-01-12T21:16:27Z
50.011659659423799 19.978497299180198 -1 2024-01-12T21:17:28Z
50.011668917991983 19.978446944472491 -1 2024-01-12T21:17:28Z
50.011659659423799 19.978497299180198 -1 2024-01-12T21:19:58Z
50.011669148322774 19.978445691767316 -1 2024-01-12T21:19:58Z
50.01164829743864 19.978473053129754 -1 2024-01-12T21:22:28Z
50.01164829743864 19.978473053129754 -1 2024-01-12T21:23:43Z
50.01164829743864 19.978473053129754 -1 2024-01-12T21:24:58Z
50.01164829743864 19.978473053129754 -1 2024-01-12T21:26:13Z
50.011668865663509 19.978445088583506 -1 2024-01-12T21:26:13Z
