52.143338799999981 21.052197400000001 -1 2024-01-28T22:42:46Z
52.143338799999981 21.052197399999994 -1 2024-01-28T22:42:46Z
52.143344051546201 21.052198343235965 -1 2024-01-29T07:09:05Z
52.143339238542829 21.052197478767155 -1 2024-01-29T07:09:05Z
52.143339278886828 21.052197486013384 -1 2024-01-29T07:09:05Z
52.143344705074995 21.052198460616989 -1 2024-01-29T12:58:31Z
52.143345461820857 21.052198596536968 -1 2024-01-29T13:18:17Z
52.143340194864635 21.052197650533149 -1 2024-01-29T13:18:17Z
52.143345784761031 21.052198654540614 -1 2024-01-29T13:29:00Z
52.143341265202885 21.052197842777762 -1 2024-01-29T13:29:00Z
52.143345784761031 21.052198654540614 -1 2024-01-29T14:16:47Z
52.143338800000002 21.052197400000001 -1 2024-01-29T14:35:21Z
52.143338799999988 21.052197400000001 -1 2024-01-29T14:42:59Z
52.143341887837224 21.052197954609792 -1 2024-01-29T14:42:59Z
52.143338800000002 21.052197400000001 -1 2024-01-29T15:11:51Z
52.143338799999981 21.052197400000001 -1 2024-01-29T15:32:10Z
52.143341999864816 21.052197974731197 -1 2024-01-29T15:32:10Z
52.143338799999981 21.052197400000001 -1 2024-01-29T15:58:55Z
52.143338799999981 21.052197400000001 -1 2024-01-29T16:01:11Z
52.143342098917323 21.052197992522125 -1 2024-01-29T16:01:11Z
52.143341594893187 21.052197901993793 -1 2024-01-29T16:41:31Z
52.143341284766436 21.052197846291591 -1 2024-01-29T16:41:31Z
52.143338530742689 21.052200057450854 -1 2024-01-29T17:19:43Z
52.143338535889512 21.052200006653866 -1 2024-01-29T17:30:18Z
52.143338528253089 21.05220008202209 -1 2024-01-29T17:46:01Z
52.143338528608247 21.05220007851679 -1 2024-01-29T18:00:47Z
52.143339242559065 21.052198471976102 -1 2024-01-29T18:00:47Z
52.143338509486753 21.052200267237659 -1 2024-01-29T18:34:38Z
52.143338499504878 21.052200365754203 -1 2024-01-29T18:47:53Z
52.143338799999981 21.052197400000001 -1 2024-01-29T19:18:02Z
52.143338655839209 21.052198822803458 -1 2024-01-29T19:18:02Z
52.143338644985263 21.05219892992708 -1 2024-01-29T19:18:02Z
52.143338800000002 21.052197400000001 -1 2024-01-29T20:02:00Z
52.143338656745293 21.052198813860667 -1 2024-01-29T20:02:00Z
52.143338799999988 21.052197400000001 -1 2024-01-29T20:21:45Z
52.143338799999981 21.052197400000001 -1 2024-01-29T20:43:42Z
52.143338799999988 21.052197400000001 -1 2024-01-29T21:01:56Z
52.143338657676786 21.052198804667217 -1 2024-01-29T21:01:56Z
52.143338799999988 21.052197400000001 -1 2024-01-29T21:27:21Z
52.1433387111854 21.052196958937902 -1 2024-01-29T21:47:07Z
52.14333869692593 21.052198308206165 -1 2024-01-29T21:47:07Z
52.143338710409296 21.052196955083748 -1 2024-01-29T22:00:28Z
52.14333870952305 21.052196950682522 -1 2024-01-29T22:24:39Z
52.143338729137689 21.052197766310165 -1 2024-01-29T22:24:39Z
