52.143247327311251 21.051757210557607 -1 2024-01-19T18:09:51Z
52.143215701484863 21.051720764454867 -1 2024-01-20T01:40:41Z
52.143244933218767 21.051754451565284 -1 2024-01-20T01:40:41Z
52.14324439456351 21.051752150452621 -1 2024-01-20T01:40:41Z
52.143235335062791 21.051794346598104 -1 2024-01-20T20:31:54Z
52.143243616791082 21.051755773061707 -1 2024-01-20T20:31:54Z
52.143238874882705 21.051822514684243 -1 2024-01-20T21:00:31Z
52.143241858018186 21.051831359076452 -1 2024-01-20T21:06:56Z
52.143241551646348 21.051760948776096 -1 2024-01-20T21:06:56Z
52.143240389531194 21.05175698838006 -1 2024-01-20T21:06:56Z
