50.011693094843999 19.978395617624795 -1 2024-01-24T22:35:34Z
50.011703735165227 19.978415056358152 -1 2024-01-24T22:35:34Z
50.011702674249641 19.978413077965641 -1 2024-01-24T22:35:34Z
50.011695014817086 19.978400248461138 -1 2024-01-24T22:51:39Z
50.011693719217178 19.978419968535956 -1 2024-01-24T23:25:12Z
50.011692975161928 19.978423132073441 -1 2024-01-24T23:30:53Z
50.01169663062133 19.978411461660297 -1 2024-01-25T00:05:04Z
50.011700839544602 19.978413095463601 -1 2024-01-25T00:05:43Z
50.011707001452002 19.978414615661684 -1 2024-01-25T00:23:21Z
50.011694668306838 19.9784095162846 -1 2024-01-25T00:23:21Z
50.01172716425279 19.978383605962684 -1 2024-01-25T00:40:25Z
50.011728056890746 19.978382762012799 -1 2024-01-25T00:56:40Z
50.011733942892391 19.978383692524162 -1 2024-01-25T01:14:28Z
50.01174071669255 19.978389877722837 -1 2024-01-25T01:32:02Z
50.011745159857114 19.978385673320432 -1 2024-01-25T01:48:42Z
50.011743369092351 19.978391476421915 -1 2024-01-25T02:05:09Z
50.011741054078392 19.978392784455568 -1 2024-01-25T02:22:37Z
50.011731560512906 19.978434065502878 -1 2024-01-25T02:56:35Z
50.011728350079714 19.978427330104228 -1 2024-01-25T03:14:43Z
50.011722531011628 19.978402565055788 -1 2024-01-25T03:14:43Z
50.011728480079164 19.978428645103797 -1 2024-01-25T03:15:19Z
50.011728670071172 19.978449145088781 -1 2024-01-25T03:31:30Z
50.011729285075589 19.978444665087451 -1 2024-01-25T03:48:16Z
50.011728683014063 19.978409187683919 -1 2024-01-25T03:48:16Z
50.011726575928748 19.978447270360462 -1 2024-01-25T04:17:47Z
50.011723294587568 19.978443712088549 -1 2024-01-25T04:34:55Z
50.011719495966467 19.97844043596573 -1 2024-01-25T05:06:30Z
50.01172076043315 19.978439422304803 -1 2024-01-25T05:07:08Z
50.011725678953681 19.978426518340445 -1 2024-01-25T05:07:08Z
50.011724856866614 19.978420894183959 -1 2024-01-25T05:39:30Z
50.011728399438773 19.978401368077435 -1 2024-01-25T05:57:20Z
50.011731638953783 19.97838205619578 -1 2024-01-25T06:14:08Z
50.011735546003145 19.978389877760602 -1 2024-01-25T06:46:16Z
50.011722575076462 19.97842584014364 -1 2024-01-25T06:46:16Z
50.011733939424786 19.978387399452657 -1 2024-01-25T07:02:42Z
50.011742141290327 19.978380243541977 -1 2024-01-25T07:19:22Z
50.011723906244249 19.97841939099289 -1 2024-01-25T07:19:22Z
50.011740255143479 19.978388668321539 -1 2024-01-25T07:44:59Z
50.011733729114702 19.978382081337905 -1 2024-01-25T08:01:08Z
50.011737084691269 19.978380419891668 -1 2024-01-25T08:17:48Z
50.011725835110951 19.978404816323984 -1 2024-01-25T08:17:48Z
50.011735973430916 19.978384581678462 -1 2024-01-25T09:06:15Z
50.011726801385109 19.978400254704891 -1 2024-01-25T09:06:15Z
50.011688850249755 19.978434312810169 -1 2024-01-25T09:37:15Z
50.011686113524036 19.978441971964088 -1 2024-01-25T09:47:51Z
50.011685871060877 19.978445984058954 -1 2024-01-25T10:11:17Z
50.011678927871301 19.978454103087476 -1 2024-01-25T10:34:44Z
50.011677745905892 19.978453729565874 -1 2024-01-25T11:05:47Z
50.011677712177502 19.978450144770715 -1 2024-01-25T11:21:14Z
50.01167720990432 19.97845142794699 -1 2024-01-25T11:55:33Z
50.011676828947913 19.978448255588148 -1 2024-01-25T12:38:45Z
50.011675048774954 19.978450292784821 -1 2024-01-25T13:09:45Z
50.011672418060577 19.9784539251268 -1 2024-01-25T13:40:46Z
50.011681910475204 19.978444920348878 -1 2024-01-25T13:40:46Z
50.011671143390842 19.978455213693511 -1 2024-01-25T14:11:45Z
50.011671005398313 19.978456311604763 -1 2024-01-25T14:42:45Z
50.011671146810706 19.97845669207128 -1 2024-01-25T15:12:13Z
50.01167123314579 19.978456565333882 -1 2024-01-25T15:43:13Z
50.011675238478865 19.978452203697472 -1 2024-01-25T15:43:13Z
50.011671895402003 19.978457502533086 -1 2024-01-25T16:14:14Z
50.011671924848109 19.978457237769472 -1 2024-01-25T16:45:29Z
50.011671749853598 19.978456843588329 -1 2024-01-25T17:16:14Z
50.011671268216681 19.978455663808145 -1 2024-01-25T17:47:16Z
50.011671370675302 19.978456085277966 -1 2024-01-25T18:18:14Z
50.011671144889107 19.978455398938877 -1 2024-01-25T18:49:18Z
50.011671431844199 19.978456709179625 -1 2024-01-25T19:19:58Z
50.011671292648693 19.978456264820576 -1 2024-01-25T19:50:50Z
50.011671401594327 19.978455545783788 -1 2024-01-25T19:51:15Z
50.011671689502627 19.978456384495843 -1 2024-01-25T20:22:15Z
50.011671736336453 19.97845635795235 -1 2024-01-25T20:22:15Z
50.011674829823214 19.978466103911735 -1 2024-01-25T20:50:14Z
50.011672005137555 19.978457204803963 -1 2024-01-25T20:50:14Z
50.011672071200081 19.978457259526056 -1 2024-01-25T20:50:14Z
50.011674475405577 19.978465816612541 -1 2024-01-25T21:05:19Z
50.011672264168965 19.978457946343838 -1 2024-01-25T21:05:19Z
50.011740067137104 19.978605755581217 -1 2024-01-25T21:32:13Z
50.011629460013829 19.978600957911894 -1 2024-01-25T21:32:42Z
50.011630584428545 19.97870837147368 -1 2024-01-25T21:33:43Z
50.011715433579226 19.978609325464422 -1 2024-01-25T21:34:43Z
50.011704046010244 19.9785981328302 -1 2024-01-25T21:36:29Z
50.011700068494619 19.978604526648457 -1 2024-01-25T21:37:45Z
50.011791970336596 19.978634707712626 -1 2024-01-25T21:38:59Z
50.011675086843681 19.978464867018673 -1 2024-01-25T21:38:59Z
50.011837039605716 19.978668449378052 -1 2024-01-25T21:41:30Z
50.011686591986404 19.978542859655892 -1 2024-01-25T21:42:44Z
50.0116880280723 19.978509980312708 -1 2024-01-25T21:43:59Z
50.011670880262024 19.978487894262901 -1 2024-01-25T21:45:14Z
50.011672158175777 19.978459669931325 -1 2024-01-25T21:45:14Z
