52.143340465310629 21.052195242686334 -1 2024-01-21T21:37:29Z
52.143347753408356 21.052178075929863 -1 2024-01-21T22:41:44Z
52.143341042773727 21.052193882500795 -1 2024-01-21T22:41:44Z
52.143341253497304 21.052193552008209 -1 2024-01-21T22:41:44Z
52.143347159543254 21.052179357664674 -1 2024-01-22T06:29:53Z
52.143341747649288 21.052192364384315 -1 2024-01-22T06:29:53Z
52.143342022294775 21.05219189519374 -1 2024-01-22T06:29:53Z
52.143347179857692 21.052179313820165 -1 2024-01-22T08:00:12Z
52.143347423526293 21.052178787911981 -1 2024-01-22T08:32:52Z
52.143347013190585 21.052179673536557 -1 2024-01-22T09:21:33Z
52.143338815086302 21.052197277379822 -1 2024-01-22T09:44:16Z
52.143338815831257 21.052197271325031 -1 2024-01-22T10:13:15Z
52.143343878131276 21.05218776025696 -1 2024-01-22T10:13:15Z
52.143338800000002 21.052197400000001 -1 2024-01-22T11:13:37Z
52.143332755379703 21.052185929746784 -1 2024-01-22T11:48:41Z
52.143343505936173 21.052186165846532 -1 2024-01-22T11:48:41Z
52.143343001961981 21.052185631716494 -1 2024-01-22T11:48:41Z
52.143340326933867 21.052178706063778 -1 2024-01-22T19:15:25Z
52.143342811907957 21.052185139666225 -1 2024-01-22T19:15:25Z
52.143345733477204 21.052191308049448 -1 2024-01-22T20:28:18Z
52.143338799999981 21.052197400000001 -1 2024-01-22T21:05:15Z
52.14334171017439 21.052188867110409 -1 2024-01-22T21:05:15Z
52.143341163212384 21.052189822428183 -1 2024-01-22T21:05:15Z
52.143338799999988 21.052197400000001 -1 2024-01-22T21:53:30Z
52.143338800000002 21.052197400000004 -1 2024-01-22T22:24:19Z
