50.011702183549822 19.9784239930637 -1 2024-01-23T22:34:37Z
50.011697710451301 19.978426498464103 -1 2024-01-23T22:37:50Z
50.011705295275384 19.978424284807836 -1 2024-01-23T23:10:49Z
50.011707909353362 19.978418822143471 -1 2024-01-23T23:26:19Z
50.011709818671264 19.978415277417799 -1 2024-01-23T23:26:47Z
50.011713770966551 19.97841598610842 -1 2024-01-23T23:44:51Z
50.011709978924046 19.978418360014778 -1 2024-01-23T23:44:51Z
50.01171909157182 19.978412181000355 -1 2024-01-24T00:18:34Z
50.011709756350051 19.978418038326215 -1 2024-01-24T00:18:34Z
50.01172095051011 19.978404750676926 -1 2024-01-24T00:35:36Z
50.01171993944611 19.978404624549089 -1 2024-01-24T00:36:02Z
50.011725170023745 19.978404564999007 -1 2024-01-24T01:08:58Z
50.011709709862131 19.978416429093347 -1 2024-01-24T01:08:58Z
50.011725830020978 19.9784001049957 -1 2024-01-24T01:09:36Z
50.011721390021926 19.978405990003981 -1 2024-01-24T01:25:24Z
50.011730775082498 19.978415922291163 -1 2024-01-24T01:43:38Z
50.011732736681459 19.978412243632192 -1 2024-01-24T02:01:59Z
50.011706054732954 19.978420069200201 -1 2024-01-24T02:18:17Z
50.011708060657412 19.978424783192054 -1 2024-01-24T02:36:19Z
50.011714051617766 19.978425044923188 -1 2024-01-24T03:08:13Z
50.011712293587415 19.978427986350646 -1 2024-01-24T03:08:47Z
50.011714859514314 19.97842944853322 -1 2024-01-24T03:25:18Z
50.011715530679005 19.978414819875102 -1 2024-01-24T03:25:18Z
50.01171776680782 19.978426069021339 -1 2024-01-24T03:42:02Z
50.01171003341419 19.978423975880684 -1 2024-01-24T04:14:42Z
50.011710349467364 19.978424385608296 -1 2024-01-24T04:15:38Z
50.01170978643929 19.978421705493187 -1 2024-01-24T04:32:49Z
50.011710269205786 19.97841469452084 -1 2024-01-24T05:07:39Z
50.011707695334579 19.978422811911553 -1 2024-01-24T05:08:11Z
50.011709400475056 19.978422468032811 -1 2024-01-24T05:08:11Z
50.011708282361077 19.978404732741456 -1 2024-01-24T05:42:53Z
50.011707425730208 19.978422014899763 -1 2024-01-24T05:42:53Z
50.011708361898016 19.978400376777437 -1 2024-01-24T05:59:13Z
50.011709660442285 19.978399242843633 -1 2024-01-24T06:16:17Z
50.011706649269613 19.978355009947418 -1 2024-01-24T06:33:38Z
50.011707154276664 19.978413982829274 -1 2024-01-24T06:33:38Z
50.011719271381985 19.978341495712606 -1 2024-01-24T07:33:43Z
50.011706917337314 19.978406172798213 -1 2024-01-24T07:33:43Z
50.01171307271872 19.978393774988152 -1 2024-01-24T07:50:56Z
50.011710711656193 19.978351443868878 -1 2024-01-24T08:27:00Z
50.011699741750753 19.978418581846274 -1 2024-01-24T09:21:07Z
50.011698274808708 19.978395480445972 -1 2024-01-24T09:44:42Z
50.011695942649354 19.978383742372937 -1 2024-01-24T10:16:10Z
50.011706657360762 19.978409077589806 -1 2024-01-24T10:48:11Z
50.011708276237307 19.978408222782075 -1 2024-01-24T10:57:26Z
50.011703696230512 19.978392584346075 -1 2024-01-24T10:57:26Z
50.011703328013226 19.978391608959967 -1 2024-01-24T10:57:26Z
50.01170990100087 19.978408716760775 -1 2024-01-24T12:39:53Z
50.011714066864329 19.978419509345354 -1 2024-01-24T13:11:52Z
50.011715957562743 19.978417644856609 -1 2024-01-24T13:28:02Z
50.011720390688126 19.978412901084614 -1 2024-01-24T14:08:56Z
50.01172694971963 19.978428873407395 -1 2024-01-24T14:41:48Z
50.011719530186703 19.978446312861717 -1 2024-01-24T15:13:01Z
50.011714538439676 19.978445920720961 -1 2024-01-24T15:41:43Z
50.011715407611625 19.978444930719867 -1 2024-01-24T16:17:36Z
50.011708362943793 19.978417913917788 -1 2024-01-24T16:17:36Z
50.011709218558686 19.978419816590698 -1 2024-01-24T16:17:36Z
50.011714797739309 19.978442540365354 -1 2024-01-24T16:45:01Z
50.011710850609333 19.978424894414776 -1 2024-01-24T16:45:01Z
50.011715644624061 19.978442982594231 -1 2024-01-24T17:12:42Z
50.011711226280795 19.978426311851059 -1 2024-01-24T17:12:42Z
50.011716925067596 19.978439652864818 -1 2024-01-24T17:53:30Z
50.011712038138128 19.978428734306213 -1 2024-01-24T17:53:30Z
50.011721941336077 19.978444133126775 -1 2024-01-24T18:22:08Z
50.011713124951051 19.978431612837184 -1 2024-01-24T18:22:08Z
50.011713405245878 19.978433603456342 -1 2024-01-24T18:22:08Z
50.011724249510465 19.978430718254963 -1 2024-01-24T20:04:24Z
50.011714279030919 19.978434564167003 -1 2024-01-24T20:04:24Z
50.011719550744097 19.978414643496524 -1 2024-01-24T20:18:27Z
50.011714695629991 19.978432989929328 -1 2024-01-24T20:18:27Z
50.011714589199748 19.978434284117476 -1 2024-01-24T20:18:27Z
50.011715967587953 19.978412747500759 -1 2024-01-24T20:30:45Z
50.011714697991927 19.978432584297217 -1 2024-01-24T20:30:45Z
50.011714264863087 19.978434081893923 -1 2024-01-24T20:30:45Z
50.011708150026742 19.978414859992746 -1 2024-01-24T20:45:48Z
50.011713765933301 19.978432513514662 -1 2024-01-24T20:45:48Z
50.011703460026268 19.978411659991664 -1 2024-01-24T20:59:23Z
50.011696150026147 19.97840470499137 -1 2024-01-24T21:09:22Z
50.011710268825858 19.978427957129828 -1 2024-01-24T21:09:22Z
50.011695825027005 19.978404404984882 -1 2024-01-24T21:16:11Z
50.011708316921471 19.978423284705222 -1 2024-01-24T21:16:11Z
50.011690404792162 19.978405534882675 -1 2024-01-24T21:43:07Z
50.011706945281304 19.978421925493315 -1 2024-01-24T21:43:07Z
50.011706310949712 19.978420260198291 -1 2024-01-24T21:43:07Z
50.011694915170033 19.978398945302843 -1 2024-01-24T22:00:35Z
50.011705436432592 19.978418624483286 -1 2024-01-24T22:00:35Z
50.011704613725129 19.978416661394153 -1 2024-01-24T22:00:35Z
50.011693094843999 19.978395617624795 -1 2024-01-24T22:35:34Z
