50.01170678719285 19.978448835929623 -1 2023-11-14T22:42:36Z
50.011711830009553 19.978468146728702 -1 2023-11-14T22:58:26Z
50.011705095873786 19.978414182115479 -1 2023-11-14T22:58:26Z
50.011706207598493 19.978458128564373 -1 2023-11-14T23:09:35Z
50.011711948042866 19.978447653196163 -1 2023-11-14T23:40:10Z
50.011709855937063 19.978453432902651 -1 2023-11-14T23:44:27Z
50.011706357357774 19.978433103400146 -1 2023-11-14T23:44:27Z
50.01171043179464 19.978448583022764 -1 2023-11-15T00:02:04Z
50.011711108030802 19.978443500686524 -1 2023-11-15T00:18:00Z
50.0117083396878 19.978438856844846 -1 2023-11-15T00:51:14Z
50.011703692875862 19.978443655849343 -1 2023-11-15T00:51:14Z
50.011721336183321 19.978446597037422 -1 2023-11-15T00:51:50Z
50.01172008349122 19.978444863355822 -1 2023-11-15T01:10:00Z
50.011719529599084 19.978444168681843 -1 2023-11-15T01:28:22Z
50.011717994140504 19.978445378393378 -1 2023-11-15T01:44:20Z
50.011683461961411 19.978533374930592 -1 2023-11-15T02:27:02Z
50.011732452884807 19.978428091743812 -1 2023-11-15T02:36:21Z
50.011733485881379 19.978423848507695 -1 2023-11-15T03:04:01Z
50.011728837453937 19.978416860609947 -1 2023-11-15T03:38:07Z
50.011730165013311 19.97841531004466 -1 2023-11-15T03:55:39Z
50.011729295013559 19.97841411004428 -1 2023-11-15T04:46:14Z
50.011734150024907 19.978395115057349 -1 2023-11-15T05:02:30Z
50.011731475029443 19.978402165064274 -1 2023-11-15T05:20:28Z
50.011732350032574 19.978403785068849 -1 2023-11-15T06:05:45Z
50.011733130032461 19.978403040068976 -1 2023-11-15T06:55:54Z
50.011732245031659 19.978401095067493 -1 2023-11-15T06:56:47Z
50.011714250030252 19.978410615052962 -1 2023-11-15T07:58:32Z
50.011790089611551 19.978147973358244 -1 2023-11-15T08:28:45Z
50.011798939539403 19.978079858640825 -1 2023-11-15T08:55:22Z
50.011731359947156 19.978345937802555 -1 2023-11-15T09:24:10Z
50.011721899879333 19.978410220872554 -1 2023-11-15T09:58:32Z
50.011721216030857 19.978411551270423 -1 2023-11-15T10:11:21Z
50.011715444626802 19.978421331267597 -1 2023-11-15T10:36:59Z
50.011711097922372 19.97841689570452 -1 2023-11-15T11:11:28Z
50.011735210085803 19.978367511354314 -1 2023-11-15T12:02:59Z
50.011726719149245 19.978387764112004 -1 2023-11-15T12:36:16Z
50.011718415010314 19.978419710027055 -1 2023-11-15T13:04:05Z
50.011723745071102 19.978406354512252 -1 2023-11-15T13:32:31Z
50.011651602862749 19.978493754755654 -1 2023-11-15T14:08:18Z
50.011716333163065 19.978407632775621 -1 2023-11-15T14:36:37Z
50.011720825110203 19.978414200030322 -1 2023-11-15T15:06:22Z
50.011677919979178 19.978507423726789 -1 2023-11-15T15:39:47Z
50.011737784841763 19.978401099297432 -1 2023-11-15T16:07:39Z
50.011731395608962 19.978407771891092 -1 2023-11-15T16:34:38Z
50.0117323074086 19.978386377049794 -1 2023-11-15T17:03:45Z
50.011386479762606 19.975036235903413 -1 2023-11-15T17:29:04Z
50.010060085331006 19.964033643986483 -1 2023-11-15T17:58:43Z
50.011683775022206 19.978466074988017 -1 2023-11-15T18:33:57Z
50.01168176432185 19.978459709786016 -1 2023-11-15T19:06:57Z
50.011680170130987 19.978445355247487 -1 2023-11-15T19:29:57Z
50.01168024946984 19.978447838164488 -1 2023-11-15T19:50:43Z
50.011680484604398 19.978451636241466 -1 2023-11-15T20:22:34Z
