52.143338799999988 21.052197400000001 -1 2024-01-14T22:44:57Z
52.143341531962861 21.052195270903226 -1 2024-01-14T22:44:57Z
52.143341567125262 21.052195280141778 -1 2024-01-14T22:44:57Z
52.143338799999981 21.052197400000001 -1 2024-01-14T23:46:59Z
52.143338799999981 21.052197399999997 -1 2024-01-15T00:04:59Z
52.143338800000002 21.052197400000001 -1 2024-01-15T00:23:26Z
52.143339843901686 21.052196635324737 -1 2024-01-15T00:23:26Z
52.143339370883432 21.052196981818433 -1 2024-01-15T00:23:26Z
52.143338799999981 21.052197400000001 -1 2024-01-15T07:54:08Z
52.143338799999981 21.052197399999997 -1 2024-01-15T07:54:08Z
52.143593300000013 21.051545800000003 -1 2024-01-15T08:53:29Z
52.14335398795 21.052158514541574 -1 2024-01-15T08:53:29Z
52.143355410194964 21.052154873188179 -1 2024-01-15T08:53:29Z
52.143346162000597 21.052164195226858 -1 2024-01-15T09:13:59Z
52.143354553811776 21.052155736409549 -1 2024-01-15T09:13:59Z
52.14333462477596 21.052193447567007 -1 2024-01-15T09:15:13Z
52.143353981798555 21.052155853479988 -1 2024-01-15T09:15:13Z
52.143355309191108 21.05215222093344 -1 2024-01-15T09:15:13Z
52.143334604058822 21.052193427955341 -1 2024-01-15T10:17:33Z
52.143353414004096 21.052155992706979 -1 2024-01-15T10:17:33Z
52.143334790152934 21.052193604119413 -1 2024-01-15T10:32:37Z
52.143334746049781 21.052193562369613 -1 2024-01-15T11:06:06Z
52.143352328182864 21.052156275908306 -1 2024-01-15T11:06:06Z
52.143353452596777 21.052152857818633 -1 2024-01-15T11:06:06Z
52.143334157053175 21.052193004802071 -1 2024-01-15T11:19:44Z
52.143334489507268 21.052193319516299 -1 2024-01-15T11:44:54Z
52.143338799999981 21.052197400000001 -1 2024-01-15T11:58:23Z
52.143338799999988 21.052197400000001 -1 2024-01-15T12:21:32Z
52.143351290410656 21.052156495243306 -1 2024-01-15T12:21:32Z
52.143338799999988 21.052197400000001 -1 2024-01-15T12:37:06Z
52.1433512943455 21.052156482357098 -1 2024-01-15T12:37:06Z
52.143352482350295 21.0521525917651 -1 2024-01-15T12:37:06Z
52.143338799999988 21.052197400000004 -1 2024-01-15T13:19:16Z
52.143351321143051 21.05215639459794 -1 2024-01-15T13:19:16Z
52.143337148234885 21.052192157191421 -1 2024-01-15T13:19:16Z
52.14333888179295 21.052195197164401 -1 2024-01-15T14:30:47Z
52.143338878128091 21.052195295865857 -1 2024-01-15T14:53:36Z
52.143336648369036 21.052195018177915 -1 2024-01-15T14:53:36Z
52.14333887383092 21.05219541159639 -1 2024-01-15T14:53:44Z
52.143337235660681 21.052195354251445 -1 2024-01-15T14:53:44Z
52.143338873830928 21.052195411596397 -1 2024-01-15T16:02:35Z
52.143337370963074 21.052195358987774 -1 2024-01-15T16:02:35Z
52.143337625304781 21.052195531932018 -1 2024-01-15T16:02:35Z
52.143338873830928 21.052195411596397 -1 2024-01-15T16:21:35Z
52.143337729164166 21.052195521921824 -1 2024-01-15T16:21:35Z
52.143338871853906 21.052195464841514 -1 2024-01-15T16:31:50Z
52.143338094486296 21.052195693357767 -1 2024-01-15T16:31:50Z
52.143338446649715 21.052195933821807 -1 2024-01-15T16:31:50Z
52.143338871853906 21.052195464841514 -1 2024-01-15T17:16:41Z
52.143338482631492 21.052195894135576 -1 2024-01-15T17:16:41Z
52.143338847186243 21.052196129187056 -1 2024-01-15T17:16:41Z
52.143337532609799 21.05216683128717 -1 2024-01-15T18:14:49Z
52.143338752896177 21.052194027743493 -1 2024-01-15T18:14:49Z
52.143338748533566 21.052193715415012 -1 2024-01-15T18:14:49Z
52.143337609001485 21.052172943877888 -1 2024-01-15T19:07:33Z
52.143337644753316 21.052173678009236 -1 2024-01-15T19:10:56Z
52.143337644753316 21.052173678009236 -1 2024-01-15T19:36:46Z
52.143338467169272 21.052188117866859 -1 2024-01-15T19:36:46Z
52.143338435130495 21.052187224356057 -1 2024-01-15T19:36:46Z
52.143338867722086 21.052165535004136 -1 2024-01-15T20:09:33Z
52.143340626074611 21.05218504735495 -1 2024-01-15T20:25:23Z
52.143338630097311 21.05218466390431 -1 2024-01-15T20:25:23Z
52.143338607676341 21.052183702820042 -1 2024-01-15T20:25:23Z
52.143340950784314 21.052189356784506 -1 2024-01-15T21:15:25Z
52.143340835546958 21.052189715839532 -1 2024-01-15T21:25:06Z
52.143338799999981 21.052197400000001 -1 2024-01-15T21:45:10Z
52.143338799999974 21.052197399999997 -1 2024-01-15T22:02:18Z
52.143338799999981 21.052197400000001 -1 2024-01-15T22:28:20Z
52.143338980477481 21.052184628011677 -1 2024-01-15T22:28:20Z
