52.020604225175227 15.112053005077815 -1 2024-01-08T22:05:56Z
52.020603396366042 15.112053734814866 -1 2024-01-08T22:05:56Z
52.020599823944302 15.112057412814957 -1 2024-01-09T07:20:57Z
52.020593897433841 15.112063329779881 -1 2024-01-09T08:01:04Z
52.020600324045894 15.112056886524982 -1 2024-01-09T08:01:04Z
52.020599684348305 15.112057442364186 -1 2024-01-09T08:01:04Z
52.020569051574853 15.112089917828193 -1 2024-01-09T12:25:10Z
52.020597080305379 15.11206020305338 -1 2024-01-09T12:25:10Z
52.020568012394591 15.112090261328992 -1 2024-01-09T13:32:34Z
52.020591087379955 15.112066585102967 -1 2024-01-09T13:32:34Z
52.020586913618907 15.112071116115217 -1 2024-01-09T13:32:34Z
