52.02051779240665 15.112138579151766 -1 2024-01-20T14:46:19Z
52.020507426135559 15.112142068439002 -1 2024-01-23T09:04:55Z
52.020517020227857 15.112138839067233 -1 2024-01-23T09:04:55Z
52.020514943391284 15.112140360325558 -1 2024-01-23T09:04:55Z
52.020505355397269 15.112114522306301 -1 2024-01-23T11:27:40Z
52.020514483262176 15.112139120354984 -1 2024-01-23T11:27:40Z
52.020511378229344 15.112141399578924 -1 2024-01-23T11:27:40Z
52.020510141714745 15.112135234609131 -1 2024-01-23T12:22:50Z
52.020511291638364 15.112140967856746 -1 2024-01-23T12:22:50Z
52.020507867493599 15.112143413282823 -1 2024-01-23T12:22:50Z
52.020511456567988 15.112140924506695 -1 2024-01-23T13:07:10Z
52.020508341697507 15.112142241929313 -1 2024-01-23T13:07:10Z
