50.011699207820158 19.978969449150412 -1 2024-01-15T15:34:10Z
50.011671975114702 19.978571246223506 -1 2024-01-16T03:23:13Z
50.01165936186117 19.978458371960119 -1 2024-01-16T03:38:41Z
50.011707535192699 19.978937942284933 -1 2024-01-16T03:38:41Z
50.011702289383159 19.978991425260421 -1 2024-01-16T13:20:35Z
50.011650690758636 19.978627987904069 -1 2024-01-16T13:21:28Z
50.011704994285353 19.978987641637769 -1 2024-01-16T13:21:28Z
50.011667934007775 19.978616775008753 -1 2024-01-16T13:40:56Z
50.011710046755731 19.978984356171946 -1 2024-01-16T13:40:56Z
50.011660587269915 19.9785310285747 -1 2024-01-16T17:24:53Z
50.011707894167557 19.978959231490176 -1 2024-01-16T17:24:53Z
50.011680544811838 19.978559326034457 -1 2024-01-16T19:40:23Z
50.011713741915152 19.978967523012283 -1 2024-01-16T19:40:23Z
