25.254191172845907 55.332438593737741 -1 2024-01-06T01:09:10Z
50.011654538960983 19.978427139583349 -1 2024-01-12T15:13:22Z
50.011651683872536 19.978540870950418 -1 2024-01-12T15:18:22Z
50.011653111430689 19.978484005268573 -1 2024-01-12T15:18:22Z
50.011686506414122 19.97866424340685 -1 2024-01-12T15:32:12Z
50.011669095159753 19.978602557156346 -1 2024-01-12T15:32:12Z
50.011642099351349 19.978471412811672 -1 2024-01-12T15:41:02Z
50.011768227719216 19.978473546468877 -1 2024-01-12T15:41:56Z
50.01170516353563 19.978472479638878 -1 2024-01-12T15:41:56Z
50.011654464508808 19.978563454725911 -1 2024-01-12T15:47:17Z
50.011711346122993 19.978518500650456 -1 2024-01-12T15:47:17Z
50.011661135835901 19.978551875570897 -1 2024-01-12T16:05:17Z
50.011667807161828 19.978540296412675 -1 2024-01-12T16:06:29Z
50.011670573700869 19.978514542628403 -1 2024-01-12T16:09:05Z
50.011652349681064 19.978415290142269 -1 2024-01-12T18:38:55Z
50.011690328687273 19.97845861169246 -1 2024-01-12T18:38:55Z
50.011697360367577 19.978604787237554 -1 2024-01-12T18:44:10Z
50.011697360367577 19.978604787237554 -1 2024-01-12T18:45:25Z
50.011697360367577 19.978604787237554 -1 2024-01-12T18:47:03Z
50.011655394330383 19.978496764334182 -1 2024-01-12T18:48:56Z
50.011655394330383 19.978496764334182 -1 2024-01-12T18:50:10Z
50.011655394330383 19.978496764334182 -1 2024-01-12T18:52:58Z
50.011647728549093 19.978562673240123 -1 2024-01-12T18:54:56Z
50.011647728549093 19.978562673240123 -1 2024-01-12T18:56:11Z
50.011647728549093 19.978562673240123 -1 2024-01-12T18:57:26Z
50.011647728549093 19.978562673240123 -1 2024-01-12T18:58:41Z
50.011649548216923 19.978535772859207 -1 2024-01-12T18:59:56Z
50.011649548216923 19.978535772859207 -1 2024-01-12T19:01:11Z
50.011649548216923 19.978535772859207 -1 2024-01-12T19:02:26Z
50.011649548216923 19.978535772859207 -1 2024-01-12T19:03:41Z
50.011659338674164 19.978536435784203 -1 2024-01-12T19:07:26Z
50.011659338674164 19.978536435784203 -1 2024-01-12T19:08:41Z
50.011665940751158 19.978584546758231 -1 2024-01-12T19:14:01Z
50.01165510972173 19.9784958253613 -1 2024-01-12T19:14:01Z
50.011636375264175 19.978543713441745 -1 2024-01-12T19:24:26Z
50.011703434445266 19.978660361055084 -1 2024-01-12T19:29:41Z
50.011669904869478 19.978602037207832 -1 2024-01-12T19:29:41Z
50.011691490567792 19.978601376850953 -1 2024-01-12T19:40:11Z
50.011644744436815 19.978600188892464 -1 2024-01-12T19:45:26Z
50.011668117502353 19.978600782871421 -1 2024-01-12T19:45:26Z
50.011637090756039 19.978643726567263 -1 2024-01-12T19:55:56Z
50.011632949700747 19.978398277110266 -1 2024-01-12T20:41:23Z
50.011627080572964 19.978408566247225 -1 2024-01-12T20:41:23Z
50.011632949700747 19.978398277110266 -1 2024-01-12T20:45:29Z
50.011703052269937 19.978452608888617 -1 2024-01-12T20:50:29Z
50.011668000988628 19.978425442979681 -1 2024-01-12T20:50:29Z
50.011675439495448 19.978460085642705 -1 2024-01-12T20:52:59Z
50.011647826720356 19.978467562388232 -1 2024-01-12T20:54:14Z
50.011647826720356 19.978467562388232 -1 2024-01-12T20:55:29Z
50.011667780508319 19.978569138823858 -1 2024-01-12T20:56:44Z
50.011657803625461 19.978518350595532 -1 2024-01-12T20:56:44Z
50.011627054506533 19.978660177625475 -1 2024-01-12T21:14:25Z
50.011627054506533 19.978660177625475 -1 2024-01-12T21:16:13Z
50.011659659423799 19.978497299180198 -1 2024-01-12T21:16:27Z
50.011659659423799 19.978497299180198 -1 2024-01-12T21:17:28Z
50.011659659423799 19.978497299180198 -1 2024-01-12T21:19:58Z
50.01164829743864 19.978473053129754 -1 2024-01-12T21:22:28Z
50.01164829743864 19.978473053129754 -1 2024-01-12T21:23:43Z
50.01164829743864 19.978473053129754 -1 2024-01-12T21:24:58Z
50.01164829743864 19.978473053129754 -1 2024-01-12T21:26:13Z
