50.011699491898625 19.978406574011952 -1 2024-01-18T22:27:19Z
50.011700746516723 19.978399977997753 -1 2024-01-18T22:39:24Z
50.011702762264505 19.978402745393947 -1 2024-01-18T22:51:21Z
50.011697314292142 19.978411406212526 -1 2024-01-18T22:51:21Z
50.011693273137027 19.978376488490433 -1 2024-01-19T00:28:07Z
50.011700914081757 19.97837266263944 -1 2024-01-19T01:18:13Z
50.011701745337199 19.978397429543303 -1 2024-01-19T01:35:50Z
50.011684572082004 19.978425118689412 -1 2024-01-19T02:10:02Z
50.011698730074123 19.978406639913313 -1 2024-01-19T02:10:02Z
50.011683604754779 19.978432012455812 -1 2024-01-19T02:58:15Z
50.011707681057089 19.978405173215332 -1 2024-01-19T03:30:37Z
50.011708031283135 19.978404487657006 -1 2024-01-19T04:06:00Z
50.011707571817432 19.978400540830339 -1 2024-01-19T04:39:20Z
50.011703871592708 19.978396531456546 -1 2024-01-19T05:14:48Z
50.011706533372049 19.978401342579442 -1 2024-01-19T05:49:25Z
50.011696040187211 19.978406074181745 -1 2024-01-19T05:49:25Z
50.011705462817815 19.978399549177585 -1 2024-01-19T06:23:13Z
50.011708932247252 19.97840525195523 -1 2024-01-19T06:56:33Z
50.011721170581971 19.978434972074819 -1 2024-01-19T08:01:48Z
50.01171322511793 19.978425893969174 -1 2024-01-19T08:14:39Z
50.011706979889134 19.978411250113663 -1 2024-01-19T09:03:13Z
50.011698070267556 19.978392980016469 -1 2024-01-19T09:35:29Z
50.011693163908014 19.978398555202745 -1 2024-01-19T10:11:07Z
50.011693330031207 19.978397969973596 -1 2024-01-19T10:44:03Z
50.011702451134738 19.978406833639021 -1 2024-01-19T10:44:03Z
50.011687325030856 19.978399504969978 -1 2024-01-19T10:52:00Z
50.011699235024984 19.978423159978639 -1 2024-01-19T11:40:17Z
50.011700200670788 19.978408181168529 -1 2024-01-19T11:40:17Z
50.011699205024918 19.978417639984215 -1 2024-01-19T11:53:26Z
50.01170059002942 19.978420449984903 -1 2024-01-19T12:03:12Z
50.011698968139846 19.978412137856495 -1 2024-01-19T12:03:12Z
50.011699230261065 19.978405481602334 -1 2024-01-19T12:23:45Z
50.011698988425486 19.978411622727535 -1 2024-01-19T12:23:45Z
50.011698214416043 19.978412118617019 -1 2024-01-19T12:23:45Z
50.011699940239438 19.978402055410953 -1 2024-01-19T12:31:00Z
50.011698344692455 19.978411358980821 -1 2024-01-19T12:31:00Z
50.011696611365906 19.978409565877559 -1 2024-01-19T12:31:00Z
50.011702104873571 19.978393161338548 -1 2024-01-19T14:10:31Z
50.011713021422182 19.978402398430003 -1 2024-01-19T14:27:11Z
50.011709035406902 19.978397589035868 -1 2024-01-19T14:54:19Z
50.011702675300803 19.9784079949907 -1 2024-01-19T15:09:43Z
50.011697914244174 19.978407480675855 -1 2024-01-19T15:09:43Z
50.011671224234874 19.978345845698154 -1 2024-01-19T15:24:39Z
50.011672208228816 19.97834470361186 -1 2024-01-19T15:40:46Z
50.011675437104358 19.978347327640375 -1 2024-01-19T15:54:22Z
50.011692323077781 19.978392214423966 -1 2024-01-19T15:54:22Z
50.011679433410293 19.978355855045482 -1 2024-01-19T16:18:59Z
50.011678063580952 19.978355548638969 -1 2024-01-19T16:37:02Z
50.011681096128484 19.978351177799919 -1 2024-01-19T17:05:29Z
50.011678198756456 19.978350555978473 -1 2024-01-19T17:20:07Z
50.011687252478907 19.978342876055706 -1 2024-01-19T17:37:57Z
50.011683843616801 19.97836593697237 -1 2024-01-19T17:37:57Z
50.011725556013815 19.978411815946526 -1 2024-01-19T17:43:47Z
50.011726360010677 19.978415364998522 -1 2024-01-19T17:59:21Z
50.011686145904093 19.978368085914852 -1 2024-01-19T17:59:21Z
50.011716382589235 19.978410552845066 -1 2024-01-19T18:16:13Z
50.011725065011134 19.978414639996899 -1 2024-01-19T18:33:33Z
50.011689774478043 19.97837158455301 -1 2024-01-19T18:33:33Z
50.011715920483468 19.978411485080013 -1 2024-01-19T18:49:57Z
50.01171408620629 19.978411663490039 -1 2024-01-19T19:17:21Z
50.011696264027648 19.978381480594525 -1 2024-01-19T19:17:21Z
50.011715070248627 19.978410972151757 -1 2024-01-19T19:45:04Z
50.011717796575134 19.978411800088484 -1 2024-01-19T20:00:33Z
50.011719087259344 19.978412438462271 -1 2024-01-19T20:18:27Z
50.011720177232888 19.978415633114693 -1 2024-01-19T20:35:46Z
50.011709072361768 19.97840113694026 -1 2024-01-19T20:35:46Z
50.011719134649645 19.978414841421085 -1 2024-01-19T20:54:11Z
50.011720884248518 19.978412242891586 -1 2024-01-19T21:18:40Z
50.011721249847923 19.978412217186339 -1 2024-01-19T21:35:18Z
50.011721318398251 19.978415253377193 -1 2024-01-19T21:54:09Z
50.011714986206883 19.978413396472469 -1 2024-01-19T21:54:09Z
50.011722886478417 19.978413179739253 -1 2024-01-19T22:12:11Z
50.011737625086077 19.978419685628165 -1 2024-01-19T22:30:25Z
