52.020529198797952 15.112137998934985 -1 2024-01-07T16:19:20Z
52.020613741222149 15.112044626534233 -1 2024-01-08T01:52:15Z
52.02062946309519 15.112026856501542 -1 2024-01-08T02:40:18Z
52.020542408331636 15.112123224425623 -1 2024-01-08T02:40:18Z
52.02054414906523 15.112121148318959 -1 2024-01-08T02:40:18Z
52.020607465925792 15.112050680877498 -1 2024-01-08T08:37:31Z
52.020548324623554 15.112116501208734 -1 2024-01-08T08:37:31Z
52.020550946345487 15.112113417926899 -1 2024-01-08T08:37:31Z
52.020645408085116 15.112007719785693 -1 2024-01-08T10:48:15Z
52.020556811481043 15.112106855138535 -1 2024-01-08T10:48:15Z
52.020560253155161 15.112103048131496 -1 2024-01-08T10:48:15Z
52.020644941930563 15.112008120803397 -1 2024-01-08T13:01:25Z
52.020599766912873 15.112057625188799 -1 2024-01-08T13:35:45Z
52.020595331213563 15.112062485978695 -1 2024-01-08T14:04:10Z
52.020594218751725 15.112063705051934 -1 2024-01-08T14:15:58Z
52.02059421875127 15.112063133432853 -1 2024-01-08T15:16:25Z
52.020588146844666 15.112069836314321 -1 2024-01-08T15:19:35Z
52.020599299309595 15.112058997204286 -1 2024-01-08T15:19:35Z
52.020587279953148 15.112070672836591 -1 2024-01-08T16:26:14Z
52.020605246279629 15.112052205910192 -1 2024-01-08T16:26:14Z
52.020607804555276 15.11204915096814 -1 2024-01-08T16:26:14Z
52.020565338034714 15.112094876890302 -1 2024-01-08T22:05:56Z
52.020604225175227 15.112053005077815 -1 2024-01-08T22:05:56Z
