50.011710626645261 19.97896120588133 -1 2024-01-13T19:33:27Z
50.011700736273319 19.978683145855374 -1 2024-01-14T03:18:45Z
50.011669993657051 19.97858089346223 -1 2024-01-14T03:34:07Z
50.011710650289892 19.978973842483068 -1 2024-01-14T03:34:07Z
50.011719106926357 19.978954119752608 -1 2024-01-14T10:07:47Z
50.011675634625583 19.978527762465461 -1 2024-01-14T10:19:34Z
50.011712303210444 19.978958274522981 -1 2024-01-14T10:19:34Z
50.011690721921319 19.978482844540142 -1 2024-01-14T11:04:26Z
50.011716724003307 19.978945113113188 -1 2024-01-14T11:04:26Z
50.011714833702641 19.978608948673113 -1 2024-01-14T11:34:19Z
50.011723788885263 19.978982063074611 -1 2024-01-14T11:35:19Z
50.01170915775522 19.978959267889078 -1 2024-01-14T14:40:40Z
50.01165825799486 19.97857739537854 -1 2024-01-14T14:50:06Z
50.01170721161634 19.978972817477302 -1 2024-01-14T14:50:06Z
