52.020514170682631 15.112134786034492 -1 2024-01-26T06:41:59Z
52.020527687935356 15.112119130960945 -1 2024-01-29T07:15:44Z
52.02051553608198 15.112133204690977 -1 2024-01-29T07:15:44Z
52.020516207926342 15.112132035261203 -1 2024-01-29T07:15:44Z
52.020511258578132 15.112148548284377 -1 2024-01-29T12:40:37Z
52.020515673780885 15.112133817386558 -1 2024-01-29T12:40:37Z
52.020516310062142 15.112132759010095 -1 2024-01-29T12:40:37Z
52.020511337189944 15.112148532562008 -1 2024-01-29T12:40:39Z
52.020517505425843 15.112134177829533 -1 2024-01-29T13:36:27Z
52.020516476003209 15.112133705651809 -1 2024-01-29T13:36:27Z
52.020517254038495 15.112132986686026 -1 2024-01-29T13:36:27Z
