51.114453448515725 16.99202990889578 -1 2024-02-02T21:23:39Z
51.114692799999993 16.991961599999996 -1 2024-02-03T06:47:48Z
51.114467517614926 16.992025893713397 -1 2024-02-03T06:47:48Z
51.114495979258493 16.992005420667667 -1 2024-02-03T06:55:25Z
51.114515198664471 16.991986661236496 -1 2024-02-03T06:55:25Z
51.114647575542826 16.991961207846547 -1 2024-02-03T09:11:07Z
51.114524597671739 16.991984854002801 -1 2024-02-03T09:11:07Z
51.114553221001302 16.991980610767829 -1 2024-02-03T09:11:07Z
51.11980006681096 16.990306463949825 -1 2024-02-03T12:17:00Z
51.121124134415041 16.99353669494289 -1 2024-02-03T12:43:08Z
51.123678030564797 16.987642403545493 -1 2024-02-03T13:44:52Z
51.118730376839714 16.990187988318269 -1 2024-02-03T13:59:50Z
51.114655900000002 16.9932941 -1 2024-02-03T14:06:07Z
51.114338911993727 16.991996514196529 -1 2024-02-03T15:30:57Z
51.114308477295225 16.991987785055382 -1 2024-02-03T17:56:01Z
51.114323598689609 16.991992122103156 -1 2024-02-03T17:56:01Z
51.114602172291072 16.992940487075796 -1 2024-02-03T19:34:25Z
51.114608968833103 16.993077343882504 -1 2024-02-03T19:34:25Z
51.114609213986554 16.992864431695995 -1 2024-02-03T19:53:22Z
51.114616185664815 16.992789132003345 -1 2024-02-03T20:05:44Z
51.114573802133869 16.991969660106179 -1 2024-02-03T20:18:42Z
51.114692707360732 16.991961547449005 -1 2024-02-03T20:38:01Z
51.114692808666561 16.991961612999848 -1 2024-02-03T20:55:03Z
51.114553308716609 16.991962135144789 -1 2024-02-03T21:16:38Z
51.114593412312338 16.991960365556107 -1 2024-02-03T21:17:40Z
51.114596976474729 16.991960409824664 -1 2024-02-03T21:50:53Z
51.114598643302429 16.991960430527435 -1 2024-02-03T22:06:48Z
51.114576522533483 16.992527538320207 -1 2024-02-03T22:06:48Z
51.114598050276065 16.991960423161775 -1 2024-02-03T22:28:21Z
