25.254258223657942 55.332652843347205 -1 2024-01-07T17:51:09Z
25.254341604716785 55.332579428803896 -1 2024-01-07T22:17:24Z
25.254265760649872 55.332646207255358 -1 2024-01-07T22:17:24Z
25.254266456773617 55.332646850708663 -1 2024-01-07T22:17:24Z
25.254345126195947 55.332599150844942 -1 2024-01-08T06:46:17Z
25.254273618696839 55.332642508201509 -1 2024-01-08T06:46:17Z
25.254274760530059 55.332642927050181 -1 2024-01-08T06:46:17Z
25.254295293753785 55.332641959133788 -1 2024-01-08T09:26:54Z
25.254288152614929 55.332646846339685 -1 2024-01-08T09:47:06Z
25.254278840399561 55.3326433605475 -1 2024-01-08T09:47:06Z
25.25428092245485 55.332643520981875 -1 2024-01-08T09:47:06Z
25.254362730776087 55.332656232624096 -1 2024-01-08T11:34:47Z
25.254396627616821 55.332640888132651 -1 2024-01-08T11:55:08Z
25.254307128171526 55.332644586734062 -1 2024-01-08T11:55:08Z
25.254311965384915 55.332644406001279 -1 2024-01-08T11:55:08Z
25.254408178589859 55.332650840658467 -1 2024-01-08T12:39:55Z
25.254323052322473 55.3326451474857 -1 2024-01-08T12:39:55Z
25.254422564745457 55.332615687247092 -1 2024-01-08T14:30:34Z
25.25442954460183 55.332601050102937 -1 2024-01-08T14:56:34Z
25.254432195849446 55.332606280849809 -1 2024-01-08T15:31:18Z
25.254432312845541 55.332609660670194 -1 2024-01-08T16:04:26Z
25.254390534795213 55.332622200842842 -1 2024-01-08T16:04:26Z
25.254396461275856 55.332619403942651 -1 2024-01-08T16:04:26Z
25.25440945056932 55.332621326364155 -1 2024-01-08T19:33:40Z
25.254397947486044 55.332619623902438 -1 2024-01-08T19:33:40Z
25.254400962074534 55.332621774520078 -1 2024-01-08T19:33:40Z
