50.011727774576364 19.978410003634167 -1 2024-01-20T10:03:30Z
50.011731798630571 19.978432590504088 -1 2024-01-21T23:23:14Z
50.011728075782614 19.978411694292895 -1 2024-01-21T23:23:14Z
50.011727110808941 19.978413390826969 -1 2024-01-21T23:23:14Z
50.01172944316761 19.978430531868693 -1 2024-01-22T08:54:47Z
50.011727283344619 19.978414658830786 -1 2024-01-22T08:54:47Z
50.011726450113812 19.978415497211515 -1 2024-01-22T08:54:47Z
50.011694492587864 19.978429190018748 -1 2024-01-22T12:14:47Z
50.011691062852414 19.978418815775456 -1 2024-01-22T12:41:44Z
50.011702421061273 19.978412574713445 -1 2024-01-22T13:20:17Z
50.011710446886646 19.978434657247245 -1 2024-01-22T13:42:31Z
50.011709485029662 19.978437949987207 -1 2024-01-22T14:18:11Z
50.011715478767911 19.978421505700062 -1 2024-01-22T14:18:11Z
50.011709630025301 19.978452014988576 -1 2024-01-22T15:27:30Z
50.011709206052295 19.978459371997833 -1 2024-01-22T15:47:11Z
50.01171081956474 19.978456567900214 -1 2024-01-22T16:12:04Z
50.011709475939732 19.978450929254794 -1 2024-01-22T16:28:33Z
50.011709274971672 19.978444905899803 -1 2024-01-22T17:01:22Z
50.011707529398265 19.978435374170793 -1 2024-01-22T17:52:09Z
50.011705024574688 19.978437531030494 -1 2024-01-22T17:52:09Z
50.011703083072469 19.978438087527774 -1 2024-01-22T17:52:09Z
50.011703901351353 19.978451324467077 -1 2024-01-22T21:04:30Z
50.011710291890232 19.978488918118611 -1 2024-01-22T21:23:38Z
50.01170512144823 19.97844527156062 -1 2024-01-22T21:23:38Z
