52.143343537263057 21.052182660322806 -1 2024-02-02T21:51:48Z
52.143348673443917 21.052144523805506 -1 2024-02-02T23:08:02Z
52.143343885581807 21.052180074033892 -1 2024-02-02T23:08:02Z
52.143344343543539 21.052178513812656 -1 2024-02-02T23:08:02Z
52.143354133853443 21.052129612240122 -1 2024-02-03T04:45:09Z
52.143345004526488 21.052175212275941 -1 2024-02-03T04:45:09Z
52.14334404884513 21.052177480682108 -1 2024-02-03T04:45:09Z
52.143354295578455 21.052128897286458 -1 2024-02-03T09:45:13Z
52.143337900409676 21.052146482833706 -1 2024-02-03T10:14:59Z
52.143337983551319 21.052153616083455 -1 2024-02-03T10:48:20Z
52.143338795537282 21.052174745441395 -1 2024-02-03T11:16:55Z
52.143333778227714 21.052179195278661 -1 2024-02-03T11:49:38Z
52.143339258399273 21.052190139342386 -1 2024-02-03T12:19:02Z
52.14334227907834 21.052186188987321 -1 2024-02-03T12:47:16Z
52.143343054244461 21.052164872970941 -1 2024-02-03T12:47:16Z
52.143342932663046 21.052163294930267 -1 2024-02-03T12:47:16Z
52.143371436787312 21.05210355026685 -1 2024-02-03T14:19:02Z
52.143345351468973 21.05215822511687 -1 2024-02-03T14:19:02Z
52.143338800000002 21.052197400000001 -1 2024-02-03T15:17:49Z
52.14334493616952 21.052159896805222 -1 2024-02-03T15:17:49Z
52.143338800000002 21.052197400000001 -1 2024-02-03T16:07:04Z
52.143376118610142 21.052095432275696 -1 2024-02-03T16:15:48Z
52.143347000081086 21.052157666298793 -1 2024-02-03T16:15:48Z
52.143374131870949 21.0521008607646 -1 2024-02-03T17:28:06Z
52.143349002940148 21.052154411190781 -1 2024-02-03T17:28:06Z
52.14334858487242 21.05215642654343 -1 2024-02-03T17:28:06Z
52.143558887085483 21.051543280029588 -1 2024-02-03T21:57:05Z
52.143375150262074 21.052078974667435 -1 2024-02-03T21:57:05Z
52.143377886385807 21.052074015964163 -1 2024-02-03T21:57:05Z
