52.143350783400649 21.05216525189655 -1 2024-01-22T21:53:28Z
52.143352196280915 21.052162955435374 -1 2024-01-22T21:53:28Z
52.143338799999988 21.052197400000001 -1 2024-01-22T23:17:19Z
52.143338800000002 21.052197400000001 -1 2024-01-22T23:26:44Z
52.14335135573959 21.052166611055963 -1 2024-01-22T23:26:44Z
52.14335272610456 21.052164826163253 -1 2024-01-22T23:26:44Z
52.143338799999988 21.052197400000004 -1 2024-01-23T08:45:08Z
52.143351516097397 21.052167656430584 -1 2024-01-23T08:45:08Z
52.143351490433204 21.052169469005424 -1 2024-01-23T08:45:08Z
52.143350370302528 21.052171934356998 -1 2024-01-23T09:00:11Z
52.143349523867776 21.052174481909454 -1 2024-01-23T09:00:11Z
52.143338799999981 21.052197400000001 -1 2024-01-23T09:00:16Z
52.143348604358046 21.052176447004175 -1 2024-01-23T09:00:16Z
52.143347015627434 21.052179820893073 -1 2024-01-23T09:00:16Z
52.143338799999981 21.052197400000001 -1 2024-01-23T09:30:53Z
52.143343808124513 21.052186476683396 -1 2024-01-23T09:35:09Z
52.143345275883675 21.052192966562096 -1 2024-01-23T09:47:15Z
52.143345882967324 21.052192550948075 -1 2024-01-23T10:02:18Z
52.143340334128524 21.052195449317278 -1 2024-01-23T10:02:18Z
52.143342510864528 21.052194859514838 -1 2024-01-23T10:31:06Z
52.143340512441746 21.052195401002013 -1 2024-01-23T10:31:06Z
52.143342245474727 21.052195041202669 -1 2024-01-23T10:45:37Z
52.143342262922346 21.052195029257895 -1 2024-01-23T11:15:17Z
52.143342299219796 21.052195004408397 -1 2024-01-23T11:32:53Z
52.143342495401207 21.052194870101154 -1 2024-01-23T11:50:24Z
52.143338799999988 21.052197400000004 -1 2024-01-23T12:00:22Z
52.143338799999981 21.052197400000001 -1 2024-01-23T12:16:38Z
52.143338799999981 21.052197399999997 -1 2024-01-23T12:31:44Z
52.14334137182145 21.05219563931216 -1 2024-01-23T12:31:44Z
52.143338799999981 21.052197400000001 -1 2024-01-23T12:54:31Z
52.143338799999981 21.052197400000001 -1 2024-01-23T13:10:21Z
52.143338799999981 21.052197400000001 -1 2024-01-23T13:26:04Z
52.143338799999974 21.052197400000004 -1 2024-01-23T13:42:34Z
52.143338799999981 21.052197400000008 -1 2024-01-23T13:57:44Z
52.143338799999981 21.052197400000008 -1 2024-01-23T14:14:43Z
52.143338799999981 21.052197400000001 -1 2024-01-23T14:34:39Z
52.143338799999974 21.052197400000004 -1 2024-01-23T14:57:52Z
52.143338799999981 21.052197400000001 -1 2024-01-23T14:57:52Z
52.143338799999981 21.052197400000001 -1 2024-01-23T15:04:43Z
52.143338799999981 21.052197400000001 -1 2024-01-23T15:40:36Z
52.143338799999974 21.052197399999997 -1 2024-01-23T15:40:36Z
52.143341705940493 21.052188469862656 -1 2024-01-23T15:55:40Z
52.143341434511875 21.052189303980036 -1 2024-01-23T16:22:12Z
52.143338800000009 21.052197400000011 -1 2024-01-23T16:43:58Z
52.143339206693121 21.052196150206679 -1 2024-01-23T16:43:58Z
52.143338799999988 21.052197400000001 -1 2024-01-23T17:08:38Z
52.143338799999988 21.052197400000001 -1 2024-01-23T17:27:50Z
52.143339180231791 21.052196231524047 -1 2024-01-23T17:27:50Z
52.143338799999981 21.052197400000001 -1 2024-01-23T17:51:53Z
52.143338799999981 21.052197400000001 -1 2024-01-23T18:12:55Z
52.143339195307512 21.052196185195442 -1 2024-01-23T18:34:15Z
52.14333923733043 21.05219605605636 -1 2024-01-23T18:34:15Z
52.143338799999974 21.052197400000008 -1 2024-01-23T18:54:51Z
52.143339196803794 21.05219618059721 -1 2024-01-23T18:54:51Z
52.143339238571919 21.052196052241168 -1 2024-01-23T18:54:51Z
52.143338799999974 21.052197400000001 -1 2024-01-23T19:00:57Z
52.143339236588155 21.052196058337429 -1 2024-01-23T19:00:57Z
52.143338799999974 21.052197399999997 -1 2024-01-23T19:34:41Z
52.143338799999974 21.052197399999997 -1 2024-01-23T19:55:25Z
52.143338799999974 21.052197400000004 -1 2024-01-23T20:13:07Z
52.143338799999981 21.052197400000001 -1 2024-01-23T20:13:07Z
52.143338799999981 21.052197400000001 -1 2024-01-23T20:33:05Z
52.143338799999988 21.052197400000001 -1 2024-01-23T20:33:05Z
52.143338799999974 21.052197399999997 -1 2024-01-23T20:53:41Z
52.143338799999981 21.052197400000001 -1 2024-01-23T20:53:41Z
52.143338799999981 21.052197400000001 -1 2024-01-23T21:26:10Z
52.143338799999974 21.052197400000001 -1 2024-01-23T21:26:10Z
52.143338799999981 21.052197400000001 -1 2024-01-23T21:45:34Z
52.143338799999981 21.052197400000001 -1 2024-01-23T22:14:16Z
52.143338799999974 21.052197400000001 -1 2024-01-23T22:14:16Z
