50.011577937548971 19.978185866554714 -1 2024-02-03T22:36:04Z
50.011588683446142 19.978215783845556 -1 2024-02-03T23:06:34Z
50.011566195805067 19.978159708527546 -1 2024-02-03T23:06:34Z
50.011588747189506 19.978216363037372 -1 2024-02-03T23:21:49Z
50.011581970525327 19.978205283191414 -1 2024-02-03T23:52:19Z
50.011571943005137 19.978176761167305 -1 2024-02-03T23:52:19Z
50.011585573535136 19.978212229429168 -1 2024-02-04T00:07:36Z
50.01157903497699 19.978195172649755 -1 2024-02-04T00:07:36Z
50.011559480344189 19.978140250354446 -1 2024-02-04T00:38:07Z
50.011561773134197 19.978145162459771 -1 2024-02-04T00:53:19Z
50.011565178490137 19.978156721119397 -1 2024-02-04T01:23:45Z
50.011580864470297 19.978200119861928 -1 2024-02-04T01:23:45Z
50.011577509563168 19.978189648017693 -1 2024-02-04T01:38:36Z
50.011562937870607 19.978157277183342 -1 2024-02-04T02:09:19Z
50.011577150978731 19.978192318529199 -1 2024-02-04T02:09:19Z
50.011576161773505 19.978193844792031 -1 2024-02-04T02:39:23Z
50.011589228752548 19.978232730651307 -1 2024-02-04T02:55:09Z
50.011577932206187 19.978196795074911 -1 2024-02-04T02:55:09Z
50.011563443156767 19.978157331133332 -1 2024-02-04T03:09:09Z
50.011572057953828 19.978184007877282 -1 2024-02-04T03:40:09Z
50.011575407409751 19.978191728591408 -1 2024-02-04T03:40:09Z
50.011571248206096 19.97818446082394 -1 2024-02-04T04:09:53Z
50.011574213839282 19.978189556311168 -1 2024-02-04T04:09:53Z
50.011569817975094 19.978181480400952 -1 2024-02-04T04:25:13Z
50.01157124028942 19.978182730584276 -1 2024-02-04T04:55:41Z
50.011572431722279 19.978185969110786 -1 2024-02-04T04:55:41Z
50.011568728557329 19.978175933705025 -1 2024-02-04T05:10:09Z
50.011571850631896 19.978181323793844 -1 2024-02-04T05:40:41Z
50.011574202808987 19.9781925385047 -1 2024-02-04T05:40:41Z
50.011572114117797 19.978178155997924 -1 2024-02-04T05:55:55Z
50.011548396559029 19.978120978348144 -1 2024-02-04T06:25:42Z
50.011572053814653 19.978187840381519 -1 2024-02-04T06:25:42Z
50.011572959602013 19.978190877234056 -1 2024-02-04T06:25:42Z
50.011592030656026 19.978240547092735 -1 2024-02-04T08:08:47Z
50.011576107108716 19.978200801597403 -1 2024-02-04T08:24:25Z
50.011565536374526 19.978169696628441 -1 2024-02-04T08:39:35Z
50.011565552458997 19.978175532196762 -1 2024-02-04T09:25:19Z
50.011564572688769 19.978170323331817 -1 2024-02-04T09:40:29Z
50.011579521345396 19.978215505875859 -1 2024-02-04T10:26:01Z
50.011572720008637 19.978192974808525 -1 2024-02-04T10:26:01Z
50.011572971911235 19.978193972547473 -1 2024-02-04T10:26:01Z
50.01159251392172 19.978237738676349 -1 2024-02-04T11:55:57Z
50.011588998652421 19.978246234810538 -1 2024-02-04T12:26:17Z
50.011575613789077 19.978201642154477 -1 2024-02-04T12:26:17Z
50.011576224328223 19.978203921819805 -1 2024-02-04T12:26:17Z
50.011578539592158 19.978210765708464 -1 2024-02-04T13:41:30Z
50.011579150444824 19.978213454420157 -1 2024-02-04T13:41:30Z
50.011619728263028 19.978332792030258 -1 2024-02-04T13:53:51Z
50.011581505622871 19.978220380881641 -1 2024-02-04T13:53:51Z
50.011582388418695 19.978224349999731 -1 2024-02-04T13:53:51Z
50.01158477643289 19.978230462605662 -1 2024-02-04T13:59:22Z
50.011589447514538 19.978244520135469 -1 2024-02-04T13:59:22Z
50.01163186010028 19.9783146349281 -1 2024-02-04T14:12:27Z
50.011591971180962 19.97824869215459 -1 2024-02-04T14:12:27Z
50.011591965856276 19.978249421362904 -1 2024-02-04T14:12:27Z
50.011605708176504 19.978238547519108 -1 2024-02-04T14:25:58Z
50.011592972381038 19.978248624933368 -1 2024-02-04T14:25:58Z
50.01159543816788 19.97825176680097 -1 2024-02-04T14:39:05Z
