52.143381548335185 21.052117662172517 -1 2024-01-13T19:12:54Z
52.143399385940526 21.05208739362293 -1 2024-01-13T23:23:46Z
52.143404452664718 21.052078229719523 -1 2024-01-13T23:23:46Z
52.14362466805153 21.05171089106074 -1 2024-01-14T05:11:55Z
52.143418856443596 21.052054203117375 -1 2024-01-14T05:11:55Z
52.143426782028811 21.052040310370238 -1 2024-01-14T05:11:55Z
52.143559789236392 21.051832635950596 -1 2024-01-14T06:11:59Z
52.143436321794745 21.052025415257692 -1 2024-01-14T06:11:59Z
52.143446562719362 21.052007643466361 -1 2024-01-14T06:11:59Z
52.143438393649369 21.051959064271113 -1 2024-01-14T07:05:00Z
52.143445921813054 21.052003832169209 -1 2024-01-14T07:05:00Z
52.143457010502999 21.051983938668798 -1 2024-01-14T07:05:00Z
52.143455808082386 21.05198130914831 -1 2024-01-14T10:00:27Z
52.143467642201912 21.051959592297319 -1 2024-01-14T10:00:27Z
52.143437551883849 21.051972348031324 -1 2024-01-14T10:15:34Z
52.143465310587871 21.051960580703874 -1 2024-01-14T10:15:34Z
52.143478494256755 21.051936035237002 -1 2024-01-14T10:15:34Z
52.143523127947603 21.051882965794359 -1 2024-01-14T11:00:05Z
52.143497593580278 21.051903000027554 -1 2024-01-14T11:00:05Z
52.143511934620776 21.051902059947452 -1 2024-01-14T11:16:15Z
52.143498773349975 21.051902922691625 -1 2024-01-14T11:16:15Z
52.143517717761732 21.051867563697119 -1 2024-01-14T11:16:15Z
52.143507713785304 21.051909260061979 -1 2024-01-14T11:44:54Z
52.143516874282518 21.051871079304018 -1 2024-01-14T11:44:54Z
52.143504216731841 21.051888522134657 -1 2024-01-14T11:44:54Z
52.14340644716588 21.052009036084577 -1 2024-01-14T12:56:09Z
52.143375283002399 21.052125806863707 -1 2024-01-14T13:21:00Z
52.143488691835969 21.051913496014379 -1 2024-01-14T13:21:00Z
52.143352051811227 21.052173719728074 -1 2024-01-14T13:21:56Z
52.143479586408723 21.051933540004693 -1 2024-01-14T13:21:56Z
52.143465260371364 21.051956487933225 -1 2024-01-14T13:21:56Z
52.143350516202538 21.052176463779134 -1 2024-01-14T14:38:12Z
52.143454134246767 21.051977817891405 -1 2024-01-14T14:38:12Z
52.143441092788507 21.051998230818466 -1 2024-01-14T14:38:12Z
52.14335072448597 21.052176091587754 -1 2024-01-14T16:06:43Z
52.143350632356345 21.052176256218491 -1 2024-01-14T16:22:55Z
52.14335118474618 21.052175269127257 -1 2024-01-14T16:36:32Z
52.143407616862412 21.052062677436304 -1 2024-01-14T16:36:32Z
52.143346188552528 21.05218784405805 -1 2024-01-14T16:40:10Z
52.143396442517684 21.052091110201623 -1 2024-01-14T16:40:10Z
52.143452820146088 21.052018349467623 -1 2024-01-14T19:11:14Z
52.143445816082107 21.052029348276587 -1 2024-01-14T19:27:02Z
52.143396029898483 21.052094973671288 -1 2024-01-14T19:27:02Z
52.143442035599129 21.052035284943535 -1 2024-01-14T19:57:41Z
52.14338273671175 21.052118575383762 -1 2024-01-14T19:57:41Z
52.143442219210229 21.052034996610573 -1 2024-01-14T20:05:05Z
52.143360339589073 21.052152127902179 -1 2024-01-14T20:19:10Z
52.14338355069696 21.05212406314104 -1 2024-01-14T20:19:10Z
52.143359973632677 21.052152897073221 -1 2024-01-14T20:36:38Z
52.143442372302474 21.052034756202787 -1 2024-01-14T21:19:57Z
52.143389195030494 21.052115550722529 -1 2024-01-14T21:19:57Z
52.143442658244012 21.052034307175628 -1 2024-01-14T21:44:07Z
52.143396676471369 21.05210400247103 -1 2024-01-14T21:44:07Z
52.143401052871816 21.052097136796718 -1 2024-01-14T21:44:07Z
52.143338799999981 21.052197400000001 -1 2024-01-14T22:17:54Z
52.143338799999981 21.052197400000001 -1 2024-01-14T22:31:03Z
52.143338799999981 21.052197400000001 -1 2024-01-14T22:43:29Z
