50.011662547872795 19.9784198283044 -1 2023-11-12T22:46:01Z
50.011676567435899 19.978427487163877 -1 2023-11-12T22:46:01Z
50.011700797323151 19.978432918856893 -1 2023-11-12T23:28:15Z
50.011670519906986 19.9784454395217 -1 2023-11-12T23:49:22Z
50.011672839662552 19.978448868702305 -1 2023-11-13T00:23:10Z
50.011673522619496 19.978446114324743 -1 2023-11-13T00:58:33Z
50.011672150841733 19.978427719982463 -1 2023-11-13T01:24:39Z
50.011672745770483 19.978404073420851 -1 2023-11-13T01:42:06Z
50.011664899396884 19.978509459077628 -1 2023-11-13T02:30:37Z
50.011677655685297 19.978417599045354 -1 2023-11-13T02:50:28Z
50.011688003783121 19.978416436108461 -1 2023-11-13T03:18:52Z
50.011688442887476 19.978415927548713 -1 2023-11-13T03:48:32Z
50.01170958566243 19.978530749716288 -1 2023-11-13T04:02:07Z
50.011693684438711 19.978431971986865 -1 2023-11-13T04:20:14Z
50.011687147987807 19.978443477375073 -1 2023-11-13T04:43:29Z
50.011676010146466 19.978436937830168 -1 2023-11-13T05:31:35Z
50.011672883986755 19.978415045721874 -1 2023-11-13T05:42:58Z
50.011673027914533 19.978424567598733 -1 2023-11-13T06:25:21Z
50.012550222099627 19.971500589442602 -1 2023-11-13T06:56:57Z
50.012613600000002 19.978056100000003 -1 2023-11-13T07:24:54Z
50.011701046615656 19.978230360775221 -1 2023-11-13T07:48:50Z
50.011679537015716 19.978434581783688 -1 2023-11-13T08:24:38Z
50.011730506532686 19.9784319735931 -1 2023-11-13T08:35:59Z
50.011678081964263 19.97844142766456 -1 2023-11-13T08:39:47Z
50.011690036331821 19.978406264439027 -1 2023-11-13T09:07:52Z
50.011679534350264 19.978440402999762 -1 2023-11-13T09:20:11Z
50.011688265171777 19.978414240366916 -1 2023-11-13T09:20:11Z
50.011713452443097 19.978491164736305 -1 2023-11-13T09:21:53Z
50.011687350307781 19.978417870748832 -1 2023-11-13T09:21:53Z
50.011713452443097 19.978491164736305 -1 2023-11-13T09:25:01Z
50.011689935243325 19.978425129158413 -1 2023-11-13T09:25:01Z
50.011670727409637 19.978446038494706 -1 2023-11-13T09:26:25Z
50.011685704117639 19.978420660243675 -1 2023-11-13T09:26:25Z
50.011682654110366 19.978412910626705 -1 2023-11-13T09:26:25Z
50.011647034750908 19.978384610205708 -1 2023-11-13T09:34:04Z
50.011679126672277 19.978410107991849 -1 2023-11-13T09:34:04Z
50.01168004989092 19.978406158628403 -1 2023-11-13T09:34:04Z
50.011741335174783 19.978414114123563 -1 2023-11-13T09:42:10Z
50.011686119064237 19.978406946472077 -1 2023-11-13T09:42:10Z
50.011685737564676 19.978424052880847 -1 2023-11-13T09:42:10Z
50.011683668012836 19.978430731715708 -1 2023-11-13T09:42:10Z
50.011682263289131 19.97843484812137 -1 2023-11-13T09:42:10Z
50.011675715126827 19.978452457130256 -1 2023-11-13T09:55:32Z
50.011681183401144 19.978437752105982 -1 2023-11-13T09:55:32Z
50.0116750501941 19.97844532145529 -1 2023-11-13T10:11:04Z
50.011650446463491 19.978457948887844 -1 2023-11-13T10:25:37Z
50.011676188669284 19.978436007664051 -1 2023-11-13T10:26:34Z
50.011677214271522 19.978439811365089 -1 2023-11-13T10:26:34Z
50.011673339018522 19.978441097980042 -1 2023-11-13T10:43:27Z
50.011673164774628 19.978444567168491 -1 2023-11-13T10:59:23Z
50.011673787277019 19.978442473303151 -1 2023-11-13T11:19:48Z
50.01167354579578 19.978441759542097 -1 2023-11-13T11:28:37Z
50.011653886659992 19.97839460681141 -1 2023-11-13T11:58:13Z
50.011675047608556 19.978435432783659 -1 2023-11-13T12:01:09Z
50.011674894695233 19.978445813653085 -1 2023-11-13T12:14:47Z
50.011676746255766 19.978443964203571 -1 2023-11-13T12:27:13Z
50.011673473757902 19.978449800275374 -1 2023-11-13T12:51:25Z
50.011673940480215 19.978457984765686 -1 2023-11-13T13:14:51Z
50.011657665370535 19.978488635362144 -1 2023-11-13T13:30:12Z
50.011671830753059 19.978478994224552 -1 2023-11-13T13:45:32Z
50.011650664595429 19.978486890894764 -1 2023-11-13T14:00:55Z
50.011673679750061 19.978445101803814 -1 2023-11-13T14:00:55Z
50.011626366806432 19.978442653565835 -1 2023-11-13T14:31:38Z
50.011669356224068 19.978423404750089 -1 2023-11-13T14:41:27Z
50.011672446646102 19.978414945390426 -1 2023-11-13T14:44:06Z
50.011701150441688 19.978435840963197 -1 2023-11-13T15:17:48Z
50.011671326729662 19.978434607338155 -1 2023-11-13T15:32:13Z
50.011665214133551 19.978416941425941 -1 2023-11-13T15:46:35Z
50.011677393367933 19.978443002047584 -1 2023-11-13T16:00:57Z
50.011675908997198 19.978443177744751 -1 2023-11-13T16:04:42Z
50.01167292643084 19.978428856897981 -1 2023-11-13T16:17:04Z
50.011667805057293 19.978426335016202 -1 2023-11-13T16:30:20Z
50.011681670395014 19.978413888058103 -1 2023-11-13T16:48:06Z
50.011676236886792 19.97843300056012 -1 2023-11-13T16:59:52Z
50.011672373489894 19.978419134051371 -1 2023-11-13T17:21:41Z
50.011670308808121 19.978417409205591 -1 2023-11-13T17:30:48Z
50.011620011107439 19.978278749728506 -1 2023-11-13T18:00:29Z
50.011648318709369 19.978377218327388 -1 2023-11-13T18:21:59Z
50.011665616197178 19.978405939711415 -1 2023-11-13T18:21:59Z
50.011665156080767 19.978403629868151 -1 2023-11-13T18:21:59Z
50.011658272172504 19.978383366111586 -1 2023-11-13T18:52:59Z
50.011660230753776 19.978361950719687 -1 2023-11-13T19:00:29Z
50.011677584587176 19.9784057198539 -1 2023-11-13T19:18:03Z
50.011678347534748 19.978441712145937 -1 2023-11-13T19:33:41Z
50.011682486654031 19.978439108929468 -1 2023-11-13T19:51:04Z
50.011678725688952 19.978431213124146 -1 2023-11-13T20:05:56Z
50.011674777399769 19.978414964242866 -1 2023-11-13T20:14:38Z
50.011689127069587 19.978407839168064 -1 2023-11-13T20:42:07Z
50.011666615295368 19.978400497527332 -1 2023-11-13T20:45:22Z
50.011658612282538 19.97840320976249 -1 2023-11-13T21:00:22Z
50.011654085617756 19.978398846575136 -1 2023-11-13T21:22:32Z
50.011610377333923 19.97823418771242 -1 2023-11-13T21:51:31Z
50.011597915940094 19.978227164431534 -1 2023-11-13T22:14:01Z
50.011632106900336 19.978333173631331 -1 2023-11-13T22:34:04Z
