25.254087183257603 55.332445939622716 -1 2024-01-06T22:49:26Z
25.254119895322486 55.332448151087249 -1 2024-01-06T23:15:09Z
25.254217214696087 55.332541152088695 -1 2024-01-06T23:55:07Z
25.254247189472913 55.332623865438833 -1 2024-01-07T00:15:21Z
25.254253476186037 55.332646894709725 -1 2024-01-07T00:52:37Z
25.254252615683328 55.332648349368867 -1 2024-01-07T01:09:26Z
25.254108583420916 55.332469146558459 -1 2024-01-07T01:09:26Z
25.254251634801605 55.332648806678286 -1 2024-01-07T01:26:14Z
25.254251909301491 55.332648108897182 -1 2024-01-07T02:17:36Z
25.25425148735718 55.332649295399932 -1 2024-01-07T02:39:58Z
25.254160821200049 55.332526042719628 -1 2024-01-07T02:39:58Z
25.254253259131964 55.332647570418246 -1 2024-01-07T03:42:30Z
25.254253255633952 55.332647403049975 -1 2024-01-07T04:11:47Z
25.254253515059364 55.332647955018885 -1 2024-01-07T04:30:33Z
25.254259206259778 55.332640148787029 -1 2024-01-07T05:20:17Z
25.254262606527551 55.332638468704381 -1 2024-01-07T05:34:19Z
25.254259151181753 55.332640674732225 -1 2024-01-07T06:22:18Z
25.254258471419188 55.332641791000285 -1 2024-01-07T06:50:49Z
25.25425537282722 55.332645641854661 -1 2024-01-07T07:02:30Z
25.254255080177597 55.332645486183111 -1 2024-01-07T07:02:30Z
25.254255295326178 55.332645236229048 -1 2024-01-07T07:02:30Z
25.254253576093497 55.332646587599108 -1 2024-01-07T07:18:24Z
25.254255166233222 55.332645337700086 -1 2024-01-07T07:18:24Z
25.254255488653119 55.332645020982184 -1 2024-01-07T07:18:24Z
25.254254665662184 55.332651935481671 -1 2024-01-07T10:25:46Z
25.254255427599137 55.33264553393775 -1 2024-01-07T10:25:46Z
25.254255773692748 55.332645280639952 -1 2024-01-07T10:25:46Z
25.254270461817249 55.332654522343518 -1 2024-01-07T11:36:44Z
25.254260920556487 55.3326713003244 -1 2024-01-07T14:18:31Z
25.254257577312202 55.332647330342461 -1 2024-01-07T14:18:31Z
25.254258026856498 55.332647305349369 -1 2024-01-07T14:18:31Z
25.254254619456216 55.332682264045467 -1 2024-01-07T17:29:47Z
25.254249385828238 55.332688813571927 -1 2024-01-07T17:51:09Z
25.254257733191764 55.33265233415964 -1 2024-01-07T17:51:09Z
25.254258223657942 55.332652843347205 -1 2024-01-07T17:51:09Z
