52.143439000137121 21.052168598525071 -1 2024-01-06T22:14:43Z
52.143436615382271 21.052178543424851 -1 2024-01-06T23:08:39Z
52.143428833177957 21.052154849212126 -1 2024-01-06T23:52:42Z
52.143437782865163 21.052169385186517 -1 2024-01-06T23:52:42Z
52.143428540988033 21.052153715196017 -1 2024-01-07T00:49:31Z
52.143428157811066 21.052152228050797 -1 2024-01-07T01:02:28Z
52.143426652582676 21.052155488462947 -1 2024-01-07T01:41:00Z
52.143433539673985 21.052173146202762 -1 2024-01-07T01:41:00Z
52.143433338965259 21.052172370079315 -1 2024-01-07T01:41:00Z
52.143427163228367 21.052146221812905 -1 2024-01-07T07:12:28Z
52.14343292412196 21.052170613618607 -1 2024-01-07T07:12:28Z
52.143432665010778 21.052169597441971 -1 2024-01-07T07:12:28Z
52.143431444709627 21.052156509514163 -1 2024-01-07T08:45:24Z
52.143432578008905 21.052168664332243 -1 2024-01-07T08:45:24Z
52.143436717804143 21.05217464133969 -1 2024-01-07T10:00:44Z
52.14343658032675 21.052175567756539 -1 2024-01-07T10:24:34Z
52.143436565706246 21.052175666279471 -1 2024-01-07T11:00:25Z
52.143432727455391 21.052166803371282 -1 2024-01-07T11:00:25Z
52.143435700000005 21.0521815 -1 2024-01-07T11:27:57Z
52.143435699999998 21.052181499999996 -1 2024-01-07T12:03:47Z
52.143435700000005 21.0521815 -1 2024-01-07T12:26:40Z
52.143435699999998 21.052181500000003 -1 2024-01-07T12:57:59Z
52.143435699999998 21.052181500000003 -1 2024-01-07T13:22:07Z
52.143435699999998 21.052181500000003 -1 2024-01-07T13:57:30Z
52.143435699999991 21.052181500000007 -1 2024-01-07T14:12:06Z
52.143435700000005 21.052181499999993 -1 2024-01-07T14:57:43Z
52.143435699999998 21.052181500000003 -1 2024-01-07T15:31:05Z
52.143435699999991 21.052181500000007 -1 2024-01-07T15:53:20Z
52.143435699999991 21.052181500000003 -1 2024-01-07T16:28:46Z
52.143435699999991 21.052181499999996 -1 2024-01-07T16:59:27Z
52.143435699999998 21.052181499999996 -1 2024-01-07T17:05:00Z
52.143435699999998 21.052181500000003 -1 2024-01-07T17:41:48Z
52.143435699999998 21.052181500000003 -1 2024-01-07T18:32:56Z
52.143435699999991 21.052181500000007 -1 2024-01-07T18:49:36Z
52.143435699999998 21.052181500000003 -1 2024-01-07T19:33:36Z
52.143435699999991 21.0521815 -1 2024-01-07T19:56:27Z
52.143435699999991 21.052181500000003 -1 2024-01-07T19:57:56Z
52.143420203851548 21.05215792276007 -1 2024-01-07T20:54:03Z
52.143420998387214 21.052159131637822 -1 2024-01-07T21:25:46Z
52.143433547259619 21.052178224624935 -1 2024-01-07T21:25:46Z
52.143420638633074 21.052158584275634 -1 2024-01-07T22:01:08Z
52.143423006936118 21.052162187624372 -1 2024-01-07T22:27:14Z
