52.143339590190017 21.052195652241856 -1 2024-01-13T17:15:40Z
52.143342692617949 21.052194158633359 -1 2024-01-14T05:00:03Z
52.143342692617942 21.052194158633359 -1 2024-01-14T05:07:04Z
52.1433399958526 21.052195914364784 -1 2024-01-14T05:07:04Z
52.1433398948434 21.052196488328555 -1 2024-01-14T05:07:04Z
52.143342944560899 21.052193948841488 -1 2024-01-14T06:12:52Z
52.143342986422887 21.052193913983199 -1 2024-01-14T06:28:04Z
52.143340478444365 21.052196002366482 -1 2024-01-14T06:28:04Z
52.143340639696483 21.052195868092529 -1 2024-01-14T06:28:04Z
52.143343659103785 21.052193353844569 -1 2024-01-14T07:05:02Z
52.143340866467689 21.052195679261089 -1 2024-01-14T07:05:02Z
52.143341068794413 21.052195510784472 -1 2024-01-14T07:05:02Z
52.143349244072475 21.052186875788266 -1 2024-01-14T08:23:55Z
52.143341667171761 21.052194878758879 -1 2024-01-14T08:23:55Z
52.14334194024164 21.052194638635456 -1 2024-01-14T08:23:55Z
52.143345598584872 21.052190015284541 -1 2024-01-14T10:26:33Z
52.143342222988728 21.052194281304626 -1 2024-01-14T10:26:33Z
52.143342544471864 21.052193988400337 -1 2024-01-14T10:26:33Z
52.143343460449536 21.052191914682481 -1 2024-01-14T11:15:15Z
52.143342619127587 21.052193819384321 -1 2024-01-14T11:15:15Z
52.143342963567811 21.052193496455029 -1 2024-01-14T11:15:15Z
52.14334346044955 21.052191914682485 -1 2024-01-14T11:18:20Z
52.143343004115195 21.052193367376546 -1 2024-01-14T11:18:20Z
52.143343405384648 21.052192982475379 -1 2024-01-14T11:18:20Z
52.143343460449536 21.052191914682478 -1 2024-01-14T12:28:33Z
52.143343409903125 21.052192894855274 -1 2024-01-14T12:28:33Z
52.143343242634458 21.052192171049398 -1 2024-01-14T12:39:06Z
52.143343808134517 21.05219242994955 -1 2024-01-14T12:39:06Z
52.143343871700083 21.052192303194399 -1 2024-01-14T12:39:06Z
52.143343198215483 21.052192223330209 -1 2024-01-14T13:21:48Z
52.143343155844015 21.052192273201157 -1 2024-01-14T13:41:57Z
52.143342992766385 21.052192465142429 -1 2024-01-14T14:15:14Z
52.143343885553001 21.052191972705234 -1 2024-01-14T14:15:14Z
52.143343973921858 21.052191787125665 -1 2024-01-14T14:15:14Z
52.143343323039133 21.052192076413601 -1 2024-01-14T14:45:39Z
52.143343918509025 21.052191811754156 -1 2024-01-14T14:45:39Z
52.143344005202977 21.052191616224434 -1 2024-01-14T14:45:39Z
52.143342671354887 21.052192843441638 -1 2024-01-14T14:56:08Z
52.143343882943348 21.052191728710355 -1 2024-01-14T14:56:08Z
52.143343901914719 21.052191590973194 -1 2024-01-14T14:56:08Z
52.143338799999981 21.052197400000001 -1 2024-01-14T16:06:52Z
52.143338799999974 21.052197399999997 -1 2024-01-14T16:22:23Z
52.143338799999981 21.052197400000001 -1 2024-01-14T16:39:43Z
52.143342060577105 21.052193562322984 -1 2024-01-14T16:39:43Z
52.143338799999988 21.052197400000001 -1 2024-01-14T16:53:16Z
52.14334170149229 21.052193984963402 -1 2024-01-14T16:53:16Z
52.143341550273355 21.052194162947075 -1 2024-01-14T16:53:16Z
52.143341156153923 21.052195172163366 -1 2024-01-14T19:13:14Z
52.143347650441733 21.052190411702693 -1 2024-01-14T19:26:58Z
52.14334730700417 21.05219068288061 -1 2024-01-14T19:41:45Z
52.143344942649662 21.052192900406915 -1 2024-01-14T19:59:47Z
52.143342297508745 21.05219407567046 -1 2024-01-14T19:59:47Z
52.143345115008294 21.05219277415134 -1 2024-01-14T20:09:56Z
52.143338799999981 21.052197400000001 -1 2024-01-14T20:19:11Z
52.143342104844706 21.052194534271784 -1 2024-01-14T20:19:11Z
52.143338799999988 21.052197400000001 -1 2024-01-14T20:46:26Z
52.143338799999981 21.052197400000001 -1 2024-01-14T21:15:49Z
52.143341432260641 21.052195348604023 -1 2024-01-14T21:15:49Z
52.143338799999981 21.052197400000001 -1 2024-01-14T21:49:08Z
52.143341472526608 21.052195317223592 -1 2024-01-14T21:49:08Z
52.143341744081482 21.05219510559311 -1 2024-01-14T21:49:08Z
52.143338800000002 21.052197400000001 -1 2024-01-14T22:17:21Z
52.143338800000002 21.052197400000001 -1 2024-01-14T22:32:14Z
52.143338799999988 21.052197400000001 -1 2024-01-14T22:44:57Z
