52.143338799999981 21.052197400000001 -1 2024-02-01T22:34:39Z
52.143338799999981 21.052197400000001 -1 2024-02-01T22:57:50Z
52.143339533083093 21.052195343766094 -1 2024-02-01T22:57:50Z
52.143338799999981 21.052197400000001 -1 2024-02-01T23:09:52Z
52.143338749908494 21.052194304351158 -1 2024-02-01T23:42:25Z
52.143340831953608 21.052188320311345 -1 2024-02-01T23:59:05Z
52.143338969948154 21.052196346525971 -1 2024-02-01T23:59:05Z
52.14333898543444 21.052196250529629 -1 2024-02-01T23:59:05Z
52.143368881760949 21.052118794278247 -1 2024-02-02T05:49:59Z
52.14336320569582 21.052137521257912 -1 2024-02-02T05:55:25Z
52.143374823286393 21.052054240282853 -1 2024-02-02T06:09:56Z
52.143346384301481 21.052173151232218 -1 2024-02-02T06:09:56Z
52.143409848726286 21.051945574811352 -1 2024-02-02T06:53:17Z
52.143352597833783 21.052151095874073 -1 2024-02-02T06:53:17Z
52.143407745278402 21.051940800629065 -1 2024-02-02T07:53:16Z
52.143408601169142 21.051937615171333 -1 2024-02-02T08:08:51Z
52.143408601169142 21.051937615171333 -1 2024-02-02T08:38:03Z
52.143343401243925 21.052158365119457 -1 2024-02-02T09:19:18Z
52.143342207171393 21.052168495104123 -1 2024-02-02T09:44:23Z
52.143371466632537 21.052078081944391 -1 2024-02-02T09:44:23Z
52.143341046187452 21.052178344372269 -1 2024-02-02T10:47:38Z
52.143338799999981 21.052197400000001 -1 2024-02-02T11:14:53Z
52.143338799999988 21.052197400000001 -1 2024-02-02T11:32:57Z
52.143372255189391 21.052074785685523 -1 2024-02-02T11:32:57Z
52.143372551290192 21.052070922845328 -1 2024-02-02T11:32:57Z
52.143338799999981 21.052197400000001 -1 2024-02-02T13:11:00Z
52.143369725161186 21.052081513304515 -1 2024-02-02T13:11:00Z
52.143370299091266 21.052076582727565 -1 2024-02-02T13:11:00Z
52.143338799999981 21.052197400000001 -1 2024-02-02T15:32:35Z
52.143338799999988 21.052197400000008 -1 2024-02-02T16:15:03Z
52.143364727460522 21.052098376157417 -1 2024-02-02T16:15:03Z
52.143338799999988 21.052197400000008 -1 2024-02-02T16:27:26Z
52.143358480968267 21.052120453908575 -1 2024-02-02T16:27:26Z
52.143353538471807 21.052138477745707 -1 2024-02-02T16:27:26Z
52.143355385017102 21.052150573120738 -1 2024-02-02T17:35:46Z
52.143353692476644 21.052139486518964 -1 2024-02-02T17:35:46Z
52.143338799999981 21.052197400000001 -1 2024-02-02T18:08:37Z
52.14334092464285 21.052197655682328 -1 2024-02-02T18:40:02Z
52.143341170655589 21.052186751240164 -1 2024-02-02T18:40:02Z
52.143341037001228 21.052191597740006 -1 2024-02-02T18:48:08Z
52.14334307087384 21.05218574292137 -1 2024-02-02T19:18:31Z
52.143344732270833 21.05217975227546 -1 2024-02-02T19:37:30Z
52.143341399974354 21.052190572017544 -1 2024-02-02T19:37:30Z
52.143344429903166 21.052179390762674 -1 2024-02-02T19:56:00Z
52.143344223618854 21.052180050636341 -1 2024-02-02T20:25:51Z
52.143343790058118 21.052176194435962 -1 2024-02-02T20:27:55Z
52.14334272871195 21.052185887764274 -1 2024-02-02T20:27:55Z
52.143343080078616 21.052184858160462 -1 2024-02-02T20:27:55Z
52.14334394179933 21.052172535095696 -1 2024-02-02T21:51:48Z
52.143343149372768 21.052183867217842 -1 2024-02-02T21:51:48Z
52.143343537263057 21.052182660322806 -1 2024-02-02T21:51:48Z
