52.143338800000002 21.052197400000001 -1 2024-01-09T22:11:08Z
52.143338799999981 21.052197400000001 -1 2024-01-09T22:50:03Z
52.143338799999981 21.052197400000001 -1 2024-01-09T22:59:22Z
52.143338799999967 21.052197399999997 -1 2024-01-09T22:59:22Z
52.143338799999974 21.052197399999997 -1 2024-01-09T22:59:22Z
52.143338799999981 21.052197400000001 -1 2024-01-10T06:06:27Z
52.143338799999981 21.052197400000001 -1 2024-01-10T06:15:47Z
52.143338799999988 21.052197400000001 -1 2024-01-10T06:23:04Z
52.143338799999974 21.052197399999997 -1 2024-01-10T06:23:04Z
52.143338799999988 21.052197399999997 -1 2024-01-10T06:23:04Z
52.14333965403786 21.052195138183873 -1 2024-01-10T09:58:42Z
52.14333973399529 21.052194926426267 -1 2024-01-10T09:58:42Z
52.143367135753266 21.052123145760948 -1 2024-01-10T12:08:42Z
52.143341376975847 21.052190622538873 -1 2024-01-10T12:08:42Z
52.143341617730982 21.052189989351426 -1 2024-01-10T12:08:42Z
52.143373351496187 21.05209783480413 -1 2024-01-10T13:52:06Z
52.143379737725184 21.05207943190663 -1 2024-01-10T14:35:54Z
52.143345384149455 21.052179129145109 -1 2024-01-10T14:35:54Z
52.143353000434374 21.052140078131973 -1 2024-01-10T15:39:11Z
52.143346480471571 21.052174967832368 -1 2024-01-10T15:39:11Z
52.143338799999988 21.052197400000001 -1 2024-01-10T16:33:32Z
52.143338799999988 21.052197400000001 -1 2024-01-10T17:01:41Z
52.143338799999981 21.052197400000001 -1 2024-01-10T17:26:59Z
52.143338800000002 21.052197400000001 -1 2024-01-10T18:07:19Z
52.143338800000002 21.052197400000001 -1 2024-01-10T18:30:47Z
52.143346798271757 21.052174039640644 -1 2024-01-10T18:30:47Z
52.143338800000002 21.052197400000001 -1 2024-01-10T19:23:00Z
52.143338799999988 21.052197400000001 -1 2024-01-10T19:53:03Z
52.143338800000002 21.052197400000001 -1 2024-01-10T20:36:09Z
52.143338800000002 21.052197400000001 -1 2024-01-10T21:05:23Z
52.143338799999981 21.052197400000001 -1 2024-01-10T21:42:03Z
52.143338800000002 21.052197400000001 -1 2024-01-10T21:42:03Z
52.143338799999988 21.052197400000001 -1 2024-01-10T22:33:47Z
