52.02060514017824 15.112050187903622 -1 2024-01-10T20:25:23Z
52.020640033278205 15.11201743563517 -1 2024-01-11T03:33:40Z
52.02060792447088 15.112047574440695 -1 2024-01-11T03:33:40Z
52.020609135680417 15.11204621399477 -1 2024-01-11T03:33:40Z
52.020628630675084 15.112029131701593 -1 2024-01-11T08:41:51Z
52.020610735098209 15.11204481252164 -1 2024-01-11T08:41:51Z
52.020614630060443 15.112040597818309 -1 2024-01-11T08:41:51Z
52.02060331453881 15.112060011934355 -1 2024-01-11T13:42:38Z
52.020613609834768 15.112042348226948 -1 2024-01-11T13:42:38Z
52.020617816093413 15.112037928347885 -1 2024-01-11T13:42:38Z
52.020595067454579 15.112069110707967 -1 2024-01-11T14:47:59Z
52.020605473880117 15.11205873775023 -1 2024-01-11T15:44:02Z
52.020616349187208 15.112040828635591 -1 2024-01-11T15:44:02Z
52.020615120984729 15.112042598942608 -1 2024-01-11T15:44:02Z
