52.143337247641917 21.052184150447495 -1 2024-01-21T22:34:51Z
52.143337281778066 21.052184441803391 -1 2024-01-21T22:41:43Z
52.14334091533307 21.0521862161931 -1 2024-01-21T22:41:43Z
52.143340460774219 21.0521872393462 -1 2024-01-21T22:41:43Z
52.143337274272618 21.052184377743476 -1 2024-01-22T06:30:11Z
52.143340182955498 21.052186989854121 -1 2024-01-22T06:30:11Z
52.143339722242679 21.05218790424275 -1 2024-01-22T06:30:11Z
52.143337360927859 21.052185117355499 -1 2024-01-22T08:44:51Z
52.143337298798215 21.052184587072095 -1 2024-01-22T09:17:44Z
52.143349185922872 21.052152471689009 -1 2024-01-22T09:46:46Z
52.143338799999988 21.052197400000001 -1 2024-01-22T10:13:36Z
52.143337993844547 21.052190519370061 -1 2024-01-22T10:53:00Z
52.143338006662191 21.052190628770131 -1 2024-01-22T11:24:24Z
52.143336721818244 21.052188107238347 -1 2024-01-22T11:46:34Z
52.143337038238919 21.052185594256436 -1 2024-01-22T12:18:50Z
52.143337689913338 21.05218441071008 -1 2024-01-22T12:30:44Z
52.14333849603041 21.052184331828897 -1 2024-01-22T12:30:44Z
52.143338608709179 21.052184348200264 -1 2024-01-22T12:30:44Z
52.143351798070611 21.052147741489321 -1 2024-01-22T14:03:49Z
52.143339583791636 21.052181641887483 -1 2024-01-22T14:03:49Z
52.143359701674626 21.052143849292317 -1 2024-01-22T15:18:09Z
52.14336701046301 21.052137359065402 -1 2024-01-22T15:18:17Z
52.143343511218397 21.052175063673396 -1 2024-01-22T15:18:17Z
52.143344115631031 21.052174075659281 -1 2024-01-22T15:18:17Z
52.143371561082326 21.052130076323056 -1 2024-01-22T17:21:59Z
52.143346060203086 21.052170958209818 -1 2024-01-22T17:21:59Z
52.143346916397874 21.052169626349841 -1 2024-01-22T17:21:59Z
52.143356018667326 21.052156760992066 -1 2024-01-22T19:04:52Z
52.143358389242614 21.052157395876819 -1 2024-01-22T19:51:25Z
52.143358352708368 21.052159248990638 -1 2024-01-22T20:25:18Z
52.143342695965927 21.052185019607649 -1 2024-01-22T21:00:58Z
52.143350556164705 21.05216504764795 -1 2024-01-22T21:00:58Z
52.143338799999981 21.052197400000001 -1 2024-01-22T21:53:28Z
52.143350783400649 21.05216525189655 -1 2024-01-22T21:53:28Z
