52.143310931529932 21.05206193151059 -1 2024-01-27T22:00:57Z
52.143312209815697 21.052071449997982 -1 2024-01-27T22:00:57Z
52.143331228540283 21.052145545418274 -1 2024-01-27T23:50:37Z
52.143314261964754 21.052079444993776 -1 2024-01-27T23:50:37Z
52.143315091961611 21.052084631378669 -1 2024-01-27T23:50:37Z
52.143331273418561 21.052145852775208 -1 2024-01-28T09:53:42Z
52.143331585179382 21.052147987925064 -1 2024-01-28T10:39:40Z
52.143331691051188 21.052148713007089 -1 2024-01-28T10:40:12Z
52.143328903142987 21.052164680195059 -1 2024-01-28T11:28:35Z
52.143323703795431 21.052120712315151 -1 2024-01-28T11:28:35Z
52.143329452997072 21.052166498055705 -1 2024-01-28T12:19:18Z
52.143327274170666 21.052140639099054 -1 2024-01-28T12:19:18Z
52.143339532142775 21.052191084603766 -1 2024-01-28T13:02:32Z
52.14332833146738 21.052144990211108 -1 2024-01-28T13:02:32Z
52.143329233127155 21.052148982280908 -1 2024-01-28T13:02:32Z
52.143340378335054 21.052193396307686 -1 2024-01-28T13:20:55Z
52.143340382516179 21.052193385701614 -1 2024-01-28T13:28:32Z
52.143331891039303 21.052160072941469 -1 2024-01-28T13:28:32Z
52.143340239927369 21.052193747400295 -1 2024-01-28T13:39:25Z
52.143333418290297 21.052166710991933 -1 2024-01-28T13:39:25Z
52.143338799999974 21.052197400000004 -1 2024-01-28T13:48:38Z
52.143336370026987 21.05219290487635 -1 2024-01-28T14:05:04Z
52.143335820261619 21.052191887884362 -1 2024-01-28T14:19:59Z
52.143335224316182 21.052179008545131 -1 2024-01-28T14:19:59Z
52.143335775292023 21.052191804696655 -1 2024-01-28T14:49:28Z
52.14333590303535 21.052192041004616 -1 2024-01-28T15:03:07Z
52.14333591694453 21.052186035828218 -1 2024-01-28T15:03:07Z
52.143338800000002 21.052197400000001 -1 2024-01-28T15:25:35Z
52.143338800000002 21.052197400000004 -1 2024-01-28T15:48:07Z
52.143338799999988 21.052197400000001 -1 2024-01-28T16:09:14Z
52.143338402657633 21.052194201624054 -1 2024-01-28T16:09:14Z
52.143338799999988 21.052197400000004 -1 2024-01-28T16:29:19Z
52.143338799999988 21.052197400000008 -1 2024-01-28T16:52:07Z
52.143338800000002 21.052197400000001 -1 2024-01-28T17:12:39Z
52.143338075152258 21.052195481510552 -1 2024-01-28T17:12:39Z
52.143338799999981 21.052197400000001 -1 2024-01-28T17:33:09Z
52.143338799999981 21.052197400000001 -1 2024-01-28T17:54:01Z
52.14333794258571 21.052195813898642 -1 2024-01-28T17:54:01Z
52.143338088936758 21.052196084628424 -1 2024-01-28T17:54:01Z
52.143338799999988 21.052197400000001 -1 2024-01-28T18:38:28Z
52.143338799999981 21.052197400000001 -1 2024-01-28T19:02:32Z
52.143338591402177 21.052197014122022 -1 2024-01-28T19:02:32Z
52.143338799999974 21.052197400000004 -1 2024-01-28T19:22:54Z
52.143338799999995 21.052197400000001 -1 2024-01-28T19:22:54Z
52.143338799999995 21.052197400000004 -1 2024-01-28T19:22:54Z
52.143338799999974 21.052197399999997 -1 2024-01-28T20:17:01Z
52.143338799999995 21.052197400000008 -1 2024-01-28T20:17:01Z
52.143338799999981 21.052197400000001 -1 2024-01-28T20:32:43Z
52.143338799999974 21.052197400000004 -1 2024-01-28T20:41:36Z
52.143338799999981 21.052197399999997 -1 2024-01-28T20:41:36Z
52.143338799999988 21.052197400000001 -1 2024-01-28T21:08:03Z
52.143338800000002 21.052197400000001 -1 2024-01-28T21:43:46Z
52.143338799999988 21.052197400000001 -1 2024-01-28T21:43:46Z
52.143338799999981 21.052197400000001 -1 2024-01-28T22:04:50Z
52.143338799999988 21.052197400000004 -1 2024-01-28T22:28:36Z
52.143338799999981 21.052197400000001 -1 2024-01-28T22:42:46Z
