52.143338799999981 21.052197400000001 -1 2024-01-14T22:43:29Z
52.143393220031399 21.052110116440197 -1 2024-01-14T22:43:29Z
52.143397731732207 21.052102660064591 -1 2024-01-14T22:43:29Z
52.143338800000002 21.052197400000001 -1 2024-01-14T23:50:12Z
52.143338800000002 21.052197400000001 -1 2024-01-15T00:03:35Z
52.143338799999988 21.052197400000001 -1 2024-01-15T00:18:49Z
52.143375558062068 21.052137661744297 -1 2024-01-15T00:18:49Z
52.143369781079294 21.052146558397958 -1 2024-01-15T00:18:49Z
52.143371972453394 21.052092715960864 -1 2024-01-15T05:55:53Z
52.143390411319693 21.052039178845213 -1 2024-01-15T06:28:44Z
52.143365819295553 21.052142526379409 -1 2024-01-15T06:28:44Z
52.143366342651902 21.052141609356045 -1 2024-01-15T06:28:44Z
52.143386442619352 21.052051345443875 -1 2024-01-15T09:00:08Z
52.143367976962828 21.052134270090185 -1 2024-01-15T09:00:08Z
52.143368774631945 21.052132413591124 -1 2024-01-15T09:00:08Z
52.143380298831531 21.05204989306695 -1 2024-01-15T09:13:14Z
52.143363383110916 21.052133436253474 -1 2024-01-15T09:13:14Z
52.143380424896179 21.05204944497077 -1 2024-01-15T10:34:53Z
52.143387511542528 21.052044372215448 -1 2024-01-15T11:06:05Z
52.143360525926639 21.052126860624167 -1 2024-01-15T11:06:05Z
52.143362670164912 21.052119898735985 -1 2024-01-15T11:06:05Z
52.143387511542528 21.052044372215448 -1 2024-01-15T11:10:53Z
52.143367349050216 21.052105183823528 -1 2024-01-15T11:10:53Z
52.143365550337826 21.052118618156129 -1 2024-01-15T11:50:11Z
52.143363376788983 21.052125019437376 -1 2024-01-15T12:22:32Z
52.143369374975904 21.052099845482534 -1 2024-01-15T12:22:32Z
52.143363115390351 21.052125789277824 -1 2024-01-15T12:35:09Z
52.143356899417569 21.052143048067503 -1 2024-01-15T13:04:39Z
52.143372684560894 21.052090066231472 -1 2024-01-15T13:04:39Z
52.143375761916069 21.052080318283949 -1 2024-01-15T13:04:39Z
52.143344838492531 21.052168863296199 -1 2024-01-15T13:53:30Z
52.143340196313069 21.052181040645781 -1 2024-01-15T14:13:37Z
52.143368534371717 21.052100698740219 -1 2024-01-15T14:13:37Z
52.143345678751686 21.052184928286817 -1 2024-01-15T14:32:33Z
52.143336394648031 21.052194954588444 -1 2024-01-15T14:44:19Z
52.143347227554962 21.05218501528951 -1 2024-01-15T15:03:44Z
52.143357222540992 21.052141130153935 -1 2024-01-15T15:23:19Z
52.143354388919178 21.052150182113174 -1 2024-01-15T15:23:19Z
52.143364905333755 21.052139803012828 -1 2024-01-15T16:03:14Z
52.143355192317614 21.052149389205031 -1 2024-01-15T16:03:14Z
52.143352135630444 21.052159321476672 -1 2024-01-15T16:03:14Z
52.143347165975534 21.052185105783586 -1 2024-01-15T16:20:33Z
52.143351742065214 21.052161363431967 -1 2024-01-15T16:20:33Z
52.143353478793564 21.052176347747928 -1 2024-01-15T16:31:35Z
52.143350725686744 21.052165893904998 -1 2024-01-15T16:31:35Z
52.143349506674163 21.052169832411156 -1 2024-01-15T16:31:35Z
52.143373808369503 21.052084979036877 -1 2024-01-15T17:28:25Z
52.143350121015359 21.052167357843352 -1 2024-01-15T17:28:25Z
52.143385912602277 21.052063212085052 -1 2024-01-15T18:14:36Z
52.143426102981635 21.052031559154614 -1 2024-01-15T18:29:15Z
52.143357204134126 21.052152885952417 -1 2024-01-15T18:29:15Z
52.143358556060647 21.05215113916044 -1 2024-01-15T18:29:15Z
52.143362717849925 21.05215556370694 -1 2024-01-15T18:52:45Z
52.143361849587578 21.052152095516462 -1 2024-01-15T20:09:21Z
52.143368091788659 21.052160851232667 -1 2024-01-15T20:37:35Z
52.143365705991812 21.05214155777686 -1 2024-01-15T20:37:35Z
52.143375421898916 21.052156088436469 -1 2024-01-15T21:05:58Z
52.143370675296254 21.052165859239707 -1 2024-01-15T21:15:03Z
52.143370027266563 21.052172953627203 -1 2024-01-15T21:22:05Z
52.143375765109106 21.052175766639571 -1 2024-01-15T21:48:41Z
52.143419514196694 21.052145108839813 -1 2024-01-15T22:03:52Z
52.143378012700815 21.05214009762814 -1 2024-01-15T22:03:52Z
52.143392994955143 21.052160791446418 -1 2024-01-15T22:23:33Z
