50.011672158175777 19.978459669931325 -1 2024-01-25T21:45:14Z
50.011652714600814 19.978533769009459 -1 2024-01-26T08:13:28Z
50.01167172562247 19.978460762283969 -1 2024-01-26T08:13:28Z
50.011668185056287 19.978445089085245 -1 2024-01-26T09:26:32Z
50.011671561112081 19.97846003403745 -1 2024-01-26T09:26:32Z
50.011671543959352 19.978460323983565 -1 2024-01-26T09:26:32Z
50.011671717589259 19.978460445028464 -1 2024-01-26T09:52:29Z
50.011671759157316 19.978460887303147 -1 2024-01-26T09:52:29Z
50.011676315915153 19.978441158347579 -1 2024-01-26T10:24:12Z
50.011671870634082 19.978460404653138 -1 2024-01-26T10:24:12Z
50.01168536989347 19.978436780157793 -1 2024-01-26T10:53:11Z
50.011672249080078 19.978460247951002 -1 2024-01-26T10:53:11Z
50.011693169766581 19.978445700110974 -1 2024-01-26T11:26:54Z
50.011672850791605 19.978460421810265 -1 2024-01-26T11:26:54Z
50.011698083548055 19.978439525610771 -1 2024-01-26T11:59:27Z
50.011673698306161 19.978460338287416 -1 2024-01-26T11:59:27Z
50.011713212876955 19.978446285052385 -1 2024-01-26T12:31:25Z
50.011675080235683 19.978460538252168 -1 2024-01-26T12:31:25Z
50.011717716914397 19.978445148572845 -1 2024-01-26T13:10:36Z
50.011676966267956 19.978460893663133 -1 2024-01-26T13:10:36Z
50.011677458096472 19.978459973189533 -1 2024-01-26T13:10:36Z
50.011720034539238 19.97841942674458 -1 2024-01-26T13:43:16Z
50.011717261190228 19.978401718965941 -1 2024-01-26T14:13:35Z
50.011682299144432 19.978448046242281 -1 2024-01-26T14:40:44Z
50.011719180535174 19.978390039402434 -1 2024-01-26T14:45:44Z
50.011683857943758 19.978445594574353 -1 2024-01-26T14:45:44Z
50.011686486192893 19.978443166686571 -1 2024-01-26T14:45:44Z
50.011718384379378 19.978407686487991 -1 2024-01-26T15:19:45Z
50.011688021984796 19.978441458434038 -1 2024-01-26T15:19:45Z
50.011691378342924 19.978440844136738 -1 2024-01-26T15:19:45Z
50.011693173748569 19.978439763921259 -1 2024-01-26T15:39:27Z
50.011699227143666 19.978432733172834 -1 2024-01-26T15:39:27Z
50.011718781812981 19.978430765194599 -1 2024-01-26T15:51:22Z
50.011700563542888 19.978432598677919 -1 2024-01-26T15:51:22Z
50.011703121825057 19.978431695576678 -1 2024-01-26T15:51:22Z
50.011714971340673 19.978438206124103 -1 2024-01-26T16:04:32Z
50.011703987380052 19.978432171143417 -1 2024-01-26T16:04:32Z
50.011704465107478 19.978444582760048 -1 2024-01-26T16:16:05Z
50.011705741294456 19.978432735054501 -1 2024-01-26T16:16:05Z
50.011703892414701 19.978464936961853 -1 2024-01-26T16:29:19Z
50.011706612322016 19.978434245415102 -1 2024-01-26T16:29:19Z
50.011698774025803 19.978454925405089 -1 2024-01-26T16:32:46Z
50.011706706109848 19.978435451419355 -1 2024-01-26T16:32:46Z
50.011706173568811 19.978434564749715 -1 2024-01-26T16:32:46Z
50.011699587067014 19.978460362292033 -1 2024-01-26T19:10:55Z
50.011705633919583 19.978436678410556 -1 2024-01-26T19:10:55Z
50.01170463097678 19.978435975349278 -1 2024-01-26T19:10:55Z
50.01169892056101 19.978456229879168 -1 2024-01-26T20:21:39Z
50.011704152320277 19.978437673118187 -1 2024-01-26T20:21:39Z
50.01170284511776 19.978439174904217 -1 2024-01-26T20:21:39Z
50.011705945461756 19.978437359473538 -1 2024-01-26T22:08:46Z
50.011694767685142 19.978512377494294 -1 2024-01-26T22:09:34Z
50.011704042034786 19.978447158861904 -1 2024-01-26T22:09:34Z
50.011707011198631 19.978448851658314 -1 2024-01-26T22:09:34Z
50.011700679501544 19.978452706768266 -1 2024-01-26T22:09:34Z
50.01169959200918 19.978456390356413 -1 2024-01-26T22:09:34Z
