50.011666446798898 19.978394110973383 -1 2023-11-03T22:00:27Z
50.011628315519388 19.978315587123543 -1 2023-11-04T00:55:35Z
50.011634376582784 19.978467671603937 -1 2023-11-04T06:06:13Z
50.011634745828637 19.978470359027448 -1 2023-11-04T06:08:31Z
50.011609751148505 19.978337804938114 -1 2023-11-04T06:08:31Z
50.011650079470776 19.978319163005128 -1 2023-11-04T06:11:10Z
50.011650079470776 19.978319163005128 -1 2023-11-04T06:12:16Z
50.011650079470776 19.978319163005128 -1 2023-11-04T06:13:31Z
50.01161238539779 19.978316629850905 -1 2023-11-04T06:13:31Z
50.011691087939113 19.978452043215867 -1 2023-11-04T06:16:10Z
50.011691087939113 19.978452043215867 -1 2023-11-04T06:17:16Z
50.011612617383037 19.97832575304388 -1 2023-11-04T06:17:16Z
50.01165580119244 19.978333469162919 -1 2023-11-04T06:19:46Z
50.01165580119244 19.978333469162919 -1 2023-11-04T06:20:02Z
50.01165580119244 19.978333469162919 -1 2023-11-04T06:20:56Z
50.01165580119244 19.978333469162919 -1 2023-11-04T06:22:29Z
50.011616333185508 19.978326708298567 -1 2023-11-04T06:23:44Z
50.011725540875872 19.978496651545072 -1 2023-11-04T06:24:59Z
50.011655802418559 19.978333470712929 -1 2023-11-04T06:26:14Z
50.011655802418559 19.978333470712929 -1 2023-11-04T06:27:29Z
50.011655802418559 19.978333470712929 -1 2023-11-04T06:28:44Z
50.011655802418559 19.978333470712929 -1 2023-11-04T06:29:59Z
50.011611695150691 19.978315855820089 -1 2023-11-04T06:29:59Z
50.011679148633142 19.978479285175926 -1 2023-11-04T06:32:29Z
50.011611695049112 19.97831585578502 -1 2023-11-04T06:33:44Z
50.011655800891248 19.978333470185671 -1 2023-11-04T06:34:59Z
50.011655800891248 19.978333470185671 -1 2023-11-04T06:36:14Z
50.011614445457013 19.97831695430267 -1 2023-11-04T06:41:29Z
50.011675660115593 19.978568725598002 -1 2023-11-04T06:46:44Z
50.011655800452942 19.978333470416512 -1 2023-11-04T06:51:59Z
50.011726481565844 19.978514732573085 -1 2023-11-04T06:52:11Z
50.01165580241851 19.978333471389714 -1 2023-11-04T06:57:14Z
50.011655800942833 19.978333470901774 -1 2023-11-04T07:02:29Z
50.011704543825878 19.978588082996502 -1 2023-11-04T07:07:44Z
50.011662496053624 19.978366352442471 -1 2023-11-04T07:12:59Z
50.01165580119293 19.978333472357253 -1 2023-11-04T07:18:14Z
50.01165580181079 19.978333471893684 -1 2023-11-04T07:23:29Z
50.011655800838682 19.978333470148272 -1 2023-11-04T07:38:44Z
50.011655802224567 19.978333470077462 -1 2023-11-04T07:53:59Z
50.011655801372413 19.978333471120862 -1 2023-11-04T08:09:14Z
50.011655801645873 19.978333471178971 -1 2023-11-04T08:24:29Z
50.011655800537909 19.978333473077527 -1 2023-11-04T08:39:44Z
50.011655790189764 19.978333373403245 -1 2023-11-04T08:54:59Z
50.011730014194136 19.978556820564002 -1 2023-11-04T09:10:14Z
50.011686376361538 19.978438458136775 -1 2023-11-04T09:25:29Z
50.011655801098783 19.978333468991874 -1 2023-11-04T09:25:38Z
50.011655799806597 19.978333473569709 -1 2023-11-04T09:40:44Z
50.011655800948681 19.978333469789462 -1 2023-11-04T09:55:59Z
50.011655800986397 19.978333470492245 -1 2023-11-04T10:11:14Z
50.011655802673609 19.978333467071071 -1 2023-11-04T10:26:29Z
50.01165580206991 19.978333468311924 -1 2023-11-04T10:41:44Z
50.011712329888582 19.978448710405832 -1 2023-11-04T10:57:05Z
50.011663969716508 19.978515738390239 -1 2023-11-04T11:12:14Z
50.011662335603127 19.97836465427709 -1 2023-11-04T11:27:29Z
50.011681866368058 19.978329975638001 -1 2023-11-04T11:42:44Z
50.011663638206024 19.978360801895114 -1 2023-11-04T11:42:44Z
50.011655801213955 19.978333466871558 -1 2023-11-04T12:13:14Z
50.011655803867185 19.97833346810129 -1 2023-11-04T12:28:29Z
50.011661885153039 19.978352915863063 -1 2023-11-04T12:43:44Z
50.011655801160103 19.978333467900473 -1 2023-11-04T12:58:59Z
50.011679778383666 19.978539334219292 -1 2023-11-04T13:14:14Z
50.01170174449021 19.978566909886748 -1 2023-11-04T13:29:29Z
50.011655802547459 19.978333471553068 -1 2023-11-04T13:44:56Z
50.011655801289088 19.978333468748342 -1 2023-11-04T13:59:59Z
50.011623378817433 19.978363032234274 -1 2023-11-04T14:15:14Z
50.011652614104896 19.978366230179969 -1 2023-11-04T14:22:53Z
50.011696627580292 19.978592448607991 -1 2023-11-04T14:25:58Z
50.011654734704912 19.978377129480492 -1 2023-11-04T14:25:58Z
50.011656296887544 19.978375705126123 -1 2023-11-04T14:28:09Z
50.011653074010404 19.978810036534469 -1 2023-11-04T14:33:10Z
50.011653074010404 19.978810036534469 -1 2023-11-04T14:34:28Z
50.011655799968381 19.978333481546567 -1 2023-11-04T14:35:43Z
50.011655799968381 19.978333481546567 -1 2023-11-04T14:36:58Z
50.011655799968381 19.978333481546567 -1 2023-11-04T14:38:13Z
50.011654329707362 19.978363228346115 -1 2023-11-04T14:38:13Z
50.011655090622774 19.978368674587109 -1 2023-11-04T14:38:13Z
50.011655418944571 19.978359839190865 -1 2023-11-04T14:38:13Z
50.00816489999999 19.959119500000003 -1 2023-11-04T14:58:17Z
50.009696799999986 19.964217300000001 -1 2023-11-04T15:09:48Z
50.011681866962249 19.978329973686265 -1 2023-11-04T15:47:53Z
50.011682753085637 19.978372829869105 -1 2023-11-04T15:47:53Z
50.011702951254044 19.978505047363328 -1 2023-11-04T15:59:36Z
50.011690038024554 19.978420517055095 -1 2023-11-04T15:59:36Z
50.011655801672468 19.978333470941617 -1 2023-11-04T16:01:48Z
50.011680636993432 19.978421778401508 -1 2023-11-04T16:01:48Z
50.011655801672468 19.978333470941617 -1 2023-11-04T16:04:08Z
50.011655801672468 19.978333470941617 -1 2023-11-04T16:05:23Z
50.011737010126637 19.978513657947541 -1 2023-11-04T16:06:48Z
50.011737010126637 19.978513657947541 -1 2023-11-04T16:07:53Z
50.011655802824919 19.978333471359608 -1 2023-11-04T16:09:28Z
50.011655802824919 19.978333471359608 -1 2023-11-04T16:10:43Z
50.0116558017613 19.978333468064026 -1 2023-11-04T16:16:12Z
50.011690760985573 19.978479859013103 -1 2023-11-04T16:21:15Z
50.0116558012583 19.978333470096587 -1 2023-11-04T16:26:30Z
50.011655800978865 19.978333468906975 -1 2023-11-04T16:31:45Z
50.011662041783126 19.97842762350502 -1 2023-11-04T16:37:00Z
50.01165580025107 19.978333468353643 -1 2023-11-04T16:42:15Z
50.011667870861807 19.978378042531698 -1 2023-11-04T16:42:15Z
50.011655801241027 19.978333472279893 -1 2023-11-04T16:52:45Z
50.011668969656228 19.978375603175067 -1 2023-11-04T16:53:23Z
50.011680497004399 19.978494445329844 -1 2023-11-04T16:57:13Z
50.011673258080037 19.97840355613582 -1 2023-11-04T16:57:13Z
50.011676926470521 19.978418283626855 -1 2023-11-04T16:57:13Z
50.011672527871745 19.978412401186958 -1 2023-11-04T16:57:13Z
50.012363399999984 19.958156500000005 -1 2023-11-04T17:06:48Z
50.013884399999981 19.950333899999993 -1 2023-11-04T17:08:36Z
50.016666441692884 19.878952292661015 -1 2023-11-04T17:23:06Z
50.016658833086936 19.878964443106327 -1 2023-11-04T17:27:26Z
50.016661291392495 19.878960517354013 -1 2023-11-04T17:27:26Z
50.016656886098453 19.878967552318468 -1 2023-11-04T17:39:53Z
50.016659243315566 19.878963787998234 -1 2023-11-04T17:39:53Z
50.016654505576248 19.878971248472208 -1 2023-11-04T18:02:37Z
50.01665674649108 19.878967590177936 -1 2023-11-04T18:13:23Z
50.016651242890774 19.878978266962786 -1 2023-11-04T18:22:33Z
50.016650054357328 19.878981386871491 -1 2023-11-04T18:49:19Z
50.016654430962603 19.878972764720594 -1 2023-11-04T19:09:56Z
50.016649792274521 19.878979699813858 -1 2023-11-04T19:23:57Z
50.016662784446901 19.878989750695187 -1 2023-11-04T19:37:54Z
50.016672183391641 19.878995827168914 -1 2023-11-04T19:45:11Z
50.016658407218578 19.878979264667617 -1 2023-11-04T20:03:50Z
50.016668936254035 19.878994086995728 -1 2023-11-04T20:21:14Z
50.016667533415685 19.878993602555013 -1 2023-11-04T20:37:04Z
50.011648000000001 19.978307299999994 -1 2023-11-04T20:57:54Z
50.011655801030557 19.978333468776619 -1 2023-11-04T21:14:23Z
50.011655801437463 19.978333473722873 -1 2023-11-04T21:29:38Z
50.011655800025395 19.978333472339592 -1 2023-11-04T21:44:53Z
50.011702771758237 19.978540816048042 -1 2023-11-04T22:00:08Z
50.011648626928448 19.978571263474691 -1 2023-11-04T22:15:23Z
50.011655800568434 19.978333469897528 -1 2023-11-04T22:30:45Z
50.011655801107366 19.978333472739845 -1 2023-11-04T22:45:53Z
