52.143382579776734 21.052092742490174 -1 2024-01-31T22:05:22Z
52.143430363523962 21.051954976249643 -1 2024-02-01T03:55:27Z
52.143430363523976 21.05195497624965 -1 2024-02-01T04:20:58Z
52.143549243575023 21.051568751116832 -1 2024-02-01T04:35:23Z
52.143551475443743 21.051565638142261 -1 2024-02-01T04:48:03Z
52.143437369625808 21.051930895302299 -1 2024-02-01T04:48:03Z
52.143446460842839 21.051906315052818 -1 2024-02-01T04:48:03Z
52.143542853861192 21.051591249249384 -1 2024-02-01T05:33:19Z
52.143456203937035 21.051874469408485 -1 2024-02-01T05:33:19Z
52.143463933746276 21.051850682471493 -1 2024-02-01T05:33:19Z
52.143549431342727 21.051545522089654 -1 2024-02-01T13:59:23Z
52.143473582974615 21.051816242379072 -1 2024-02-01T13:59:23Z
52.14354411469094 21.051569662493709 -1 2024-02-01T14:29:18Z
52.143486160164926 21.051773408704804 -1 2024-02-01T14:29:18Z
52.143508188407154 21.05167950613404 -1 2024-02-01T15:12:39Z
52.143492391035082 21.05174974999731 -1 2024-02-01T15:12:39Z
52.143496220608647 21.051735371050508 -1 2024-02-01T15:12:39Z
52.143356546820755 21.052169359204466 -1 2024-02-01T15:53:53Z
52.143353383566961 21.052174357293801 -1 2024-02-01T16:15:08Z
52.14348267988882 21.051775019094045 -1 2024-02-01T16:15:08Z
52.143350189848938 21.052179403516998 -1 2024-02-01T16:30:16Z
52.143346665298779 21.052184972469135 -1 2024-02-01T17:02:35Z
52.143416733935041 21.0519669763775 -1 2024-02-01T17:03:43Z
52.143363378887891 21.052135314021719 -1 2024-02-01T17:21:12Z
52.143343095946534 21.052185350243715 -1 2024-02-01T17:45:27Z
52.143448592155188 21.051871220617702 -1 2024-02-01T17:45:27Z
52.14334294926077 21.052185761684569 -1 2024-02-01T18:00:45Z
52.143418853405869 21.051959615916545 -1 2024-02-01T18:00:45Z
52.143343083488453 21.052185385187496 -1 2024-02-01T18:28:30Z
52.143396199423464 21.0520301801158 -1 2024-02-01T18:28:30Z
52.143343561798829 21.0521840435682 -1 2024-02-01T18:54:57Z
52.143392243848815 21.052041742569759 -1 2024-02-01T18:54:57Z
52.143374136150008 21.052098028500133 -1 2024-02-01T18:54:57Z
52.143338799999988 21.052197400000004 -1 2024-02-01T19:09:24Z
52.143371256764837 21.052106125854884 -1 2024-02-01T19:09:24Z
52.14335508936 21.052156495998936 -1 2024-02-01T19:09:24Z
52.143338799999981 21.052197400000001 -1 2024-02-01T19:34:44Z
52.143353675173699 21.052160047146433 -1 2024-02-01T19:34:44Z
52.143338799999988 21.052197400000001 -1 2024-02-01T20:02:50Z
52.143352212772385 21.052162505648084 -1 2024-02-01T20:02:50Z
52.143352115387216 21.052161519844219 -1 2024-02-01T20:02:50Z
52.143338799999981 21.052197400000001 -1 2024-02-01T20:31:17Z
52.143338799999981 21.052197400000001 -1 2024-02-01T21:06:18Z
52.143338799999981 21.052197400000001 -1 2024-02-01T21:30:21Z
52.143349538031046 21.052166744660365 -1 2024-02-01T21:30:21Z
52.143338800000002 21.052197400000001 -1 2024-02-01T21:48:45Z
52.143338799999988 21.052197400000001 -1 2024-02-01T22:13:55Z
52.143340259608607 21.052193305925467 -1 2024-02-01T22:13:55Z
52.143338799999981 21.052197400000001 -1 2024-02-01T22:34:39Z
