52.143338800000002 21.052197400000001 -1 2024-01-30T22:45:53Z
52.143338799999995 21.052197400000001 -1 2024-01-30T22:45:53Z
52.143338799999981 21.052197399999997 -1 2024-01-30T23:27:13Z
52.143338799999988 21.052197400000001 -1 2024-01-30T23:29:11Z
52.143338799999995 21.052197399999994 -1 2024-01-30T23:29:11Z
52.143338799999988 21.052197399999994 -1 2024-01-30T23:29:11Z
52.143338799999981 21.052197400000001 -1 2024-01-31T04:12:10Z
52.143338799999988 21.052197400000001 -1 2024-01-31T04:12:10Z
52.143338799999995 21.052197399999997 -1 2024-01-31T06:10:01Z

52.143341867138034 21.052182234131713 -1 2024-01-31T07:07:08Z
52.143339044985666 21.052196188636461 -1 2024-01-31T07:07:08Z
52.14333906838938 21.052196072913755 -1 2024-01-31T07:07:08Z
52.14334190174057 21.052182063034856 -1 2024-01-31T14:18:26Z
52.143339297059057 21.052194942226695 -1 2024-01-31T14:18:26Z
52.143339306087874 21.052194897582567 -1 2024-01-31T14:54:54Z
52.143338799999995 21.052197399999997 -1 2024-01-31T15:41:27Z
52.143338799999981 21.052197400000001 -1 2024-01-31T16:02:19Z
52.143338799999981 21.052197400000001 -1 2024-01-31T16:48:11Z
52.143339328971898 21.052194784429531 -1 2024-01-31T16:48:11Z
52.143339380190653 21.052194531171686 -1 2024-01-31T16:48:11Z
52.143339831488561 21.05219621081952 -1 2024-01-31T18:12:28Z
52.143339421983526 21.052194686717055 -1 2024-01-31T18:12:28Z
52.1433394835624 21.052194418091087 -1 2024-01-31T18:12:28Z
52.143339736413431 21.052196320429566 -1 2024-01-31T18:37:08Z
52.143339508329703 21.052194604429157 -1 2024-01-31T18:37:08Z
52.143339576018725 21.052194337280284 -1 2024-01-31T18:37:08Z
52.143339838460257 21.052196202782024 -1 2024-01-31T18:50:39Z
52.14333960049342 21.052194511252722 -1 2024-01-31T18:50:39Z
52.143339677223182 21.052194234357376 -1 2024-01-31T18:50:39Z
52.143339838460271 21.052196202782028 -1 2024-01-31T19:11:33Z
52.143339692173242 21.052194416871636 -1 2024-01-31T19:11:33Z
52.14333977799911 21.052194129898691 -1 2024-01-31T19:11:33Z
52.143339797467753 21.052196250041391 -1 2024-01-31T19:30:51Z
52.143339779841966 21.052194330586726 -1 2024-01-31T19:30:51Z
52.143339869397948 21.052194050047294 -1 2024-01-31T19:30:51Z
52.143339851363912 21.052196187905686 -1 2024-01-31T19:51:39Z
52.14333986776505 21.052194243621386 -1 2024-01-31T19:51:39Z
52.143339688750224 21.052195318896423 -1 2024-01-31T19:51:39Z
52.143338799999988 21.052197400000001 -1 2024-01-31T20:15:57Z
52.143339608990416 21.052195505662503 -1 2024-01-31T20:15:57Z
52.143338799999981 21.052197400000001 -1 2024-01-31T20:31:55Z
52.143338800000002 21.052197400000001 -1 2024-01-31T20:56:51Z
52.143339374972214 21.052196737127193 -1 2024-01-31T20:56:51Z
52.143338800000002 21.052197400000001 -1 2024-01-31T21:18:33Z
52.143339365195935 21.052196748398043 -1 2024-01-31T21:18:33Z
52.143338800000002 21.052197400000001 -1 2024-01-31T21:39:38Z
52.143339319606554 21.052196800957038 -1 2024-01-31T21:39:38Z
52.143339362427589 21.052196751589605 -1 2024-01-31T21:39:38Z
52.143338799999988 21.052197400000001 -1 2024-01-31T21:47:57Z
52.143339315254671 21.052196805974226 -1 2024-01-31T21:47:57Z
52.143339269028857 21.052196859266957 -1 2024-01-31T21:47:57Z
52.143338799999988 21.052197400000001 -1 2024-01-31T22:17:50Z
52.143339230145955 21.052196904094195 -1 2024-01-31T22:17:50Z
52.143338799999988 21.052197400000001 -1 2024-01-31T22:39:34Z
