52.020511473941447 15.112150825930451 -1 2024-01-09T12:56:19Z
52.020507617962302 15.112156093653107 -1 2024-01-10T05:52:31Z
52.020511170074492 15.112151241048615 -1 2024-01-10T05:52:31Z
52.020510390539961 15.112153132313292 -1 2024-01-10T05:52:31Z
52.020517686701659 15.112091180606239 -1 2024-01-10T10:57:50Z
52.020510742512748 15.11215014371928 -1 2024-01-10T10:57:50Z
52.020510312831888 15.112150847077721 -1 2024-01-10T10:57:50Z
52.020510919290864 15.112129998299741 -1 2024-01-10T17:31:41Z
52.020510373782635 15.112148751725387 -1 2024-01-10T17:31:41Z
52.020510038367178 15.112148513169183 -1 2024-01-10T17:31:41Z
