51.114692799999993 16.9919616 -1 2024-02-01T20:17:07Z
51.114692799999993 16.9919616 -1 2024-02-02T06:22:33Z
51.114692799999986 16.991961599999993 -1 2024-02-02T06:32:38Z
51.114692799999993 16.9919616 -1 2024-02-02T06:32:38Z
51.114692799999986 16.991961599999993 -1 2024-02-02T06:46:20Z
51.114692799999986 16.991961599999989 -1 2024-02-02T06:46:20Z
51.112825941379221 17.002620578652092 -1 2024-02-02T10:09:57Z
51.111343651992826 17.023465224023333 -1 2024-02-02T10:50:17Z
51.10420220000001 17.0310858 -1 2024-02-02T11:20:42Z
51.111619199999993 17.027089599999996 -1 2024-02-02T11:46:57Z
51.112293136240908 17.018772697938871 -1 2024-02-02T12:05:38Z
51.114672616177444 16.99328953521141 -1 2024-02-02T13:12:00Z
51.114624482229374 16.993123821406492 -1 2024-02-02T13:53:50Z
51.114651191943878 16.993215776497166 -1 2024-02-02T13:53:50Z
51.114587310155628 16.992995636411024 -1 2024-02-02T13:55:45Z
51.114633538046661 16.993154940011884 -1 2024-02-02T13:55:45Z
51.114457736647566 16.992671491729396 -1 2024-02-02T14:15:25Z
51.114368088779031 16.992357765705393 -1 2024-02-02T14:30:21Z
51.114550112747679 16.992912884701781 -1 2024-02-02T14:30:21Z
51.114355770479783 16.992303258592347 -1 2024-02-02T14:43:51Z
51.114518158527559 16.992812647482435 -1 2024-02-02T14:43:51Z
51.114335814672629 16.992224971180747 -1 2024-02-02T14:51:39Z
51.114490424397211 16.992723262196154 -1 2024-02-02T14:51:39Z
51.11432772430625 16.992196086360551 -1 2024-02-02T14:57:31Z
51.114355066639227 16.992174582151208 -1 2024-02-02T15:26:26Z
51.114452157272659 16.992583685417028 -1 2024-02-02T15:26:26Z
51.114440311265497 16.992533924484505 -1 2024-02-02T15:53:36Z
51.114351006463522 16.992159016006909 -1 2024-02-02T16:48:02Z
51.11434912034948 16.992148764214317 -1 2024-02-02T17:04:54Z
51.114308454419636 16.992016895758102 -1 2024-02-02T17:07:37Z
51.114350107639915 16.99201404550675 -1 2024-02-02T17:27:54Z
51.114412363626016 16.992013393554561 -1 2024-02-02T17:47:49Z
51.114358650871239 16.992190854356569 -1 2024-02-02T17:47:49Z
51.114501300005486 16.991992969794314 -1 2024-02-02T18:14:57Z
51.114360752132839 16.992145134159657 -1 2024-02-02T18:14:57Z
51.114360214070949 16.992129540430209 -1 2024-02-02T18:14:57Z
51.114542201000788 16.991972458931659 -1 2024-02-02T19:15:44Z
51.11438077928586 16.99209836491351 -1 2024-02-02T19:15:44Z
51.114605058374096 16.991965669841864 -1 2024-02-02T19:45:26Z
51.114397724406302 16.992080159259437 -1 2024-02-02T19:45:26Z
51.114692799999986 16.991961599999996 -1 2024-02-02T20:09:02Z
51.114419805127781 16.992063547250794 -1 2024-02-02T20:09:02Z
51.114427500827709 16.99205034809502 -1 2024-02-02T20:09:02Z
51.114692799999986 16.991961599999993 -1 2024-02-02T21:23:39Z
51.114442639574875 16.992045283897056 -1 2024-02-02T21:23:39Z
51.114453448515725 16.99202990889578 -1 2024-02-02T21:23:39Z
