50.011597022846736 19.978562546493642 -1 2024-01-24T07:48:30Z
50.031394599999999 19.949015499999998 -1 2024-01-25T10:42:22Z
50.088075400000001 19.974640300000008 -1 2024-01-25T11:30:55Z
50.087375430230765 19.974017783387016 -1 2024-01-25T12:10:24Z
50.087539035437452 19.974352366972131 -1 2024-01-25T12:40:15Z
50.08755933031599 19.974133847381278 -1 2024-01-25T13:16:35Z
50.0878826 19.972768199999997 -1 2024-01-25T13:17:35Z
50.087497810770586 19.974155843660597 -1 2024-01-25T14:01:04Z
50.0875357272907 19.974173413476436 -1 2024-01-25T14:01:04Z
50.087496516685896 19.974144087869668 -1 2024-01-25T15:02:12Z
50.087466139999044 19.974152631049474 -1 2024-01-25T15:14:04Z
50.086099900000001 19.979100100000004 -1 2024-01-25T16:02:34Z
50.011326500000003 19.974692300000008 -1 2024-01-25T16:44:23Z
50.011750499999991 19.978392800000002 -1 2024-01-25T17:48:19Z
