50.011695630989067 19.978416851138537 -1 2024-02-02T22:26:39Z
50.011712047243073 19.978410817202036 -1 2024-02-02T22:49:18Z
50.011698109001529 19.978417486228253 -1 2024-02-02T22:49:18Z
50.011701711927095 19.978426251681981 -1 2024-02-02T23:07:11Z
50.011699845310545 19.978418857540323 -1 2024-02-02T23:07:11Z
50.011700857268899 19.978423307857884 -1 2024-02-02T23:39:16Z
50.011701961568164 19.97842127055516 -1 2024-02-02T23:39:16Z
50.01169962232396 19.978426110660099 -1 2024-02-03T00:13:28Z
50.011703314341311 19.978423241049676 -1 2024-02-03T00:13:28Z
50.011702458175229 19.978424351874839 -1 2024-02-03T00:46:31Z
50.011704502947367 19.97842537530925 -1 2024-02-03T00:46:31Z
50.011704615117054 19.978427261918984 -1 2024-02-03T00:46:31Z
50.011700599509517 19.978418362836891 -1 2024-02-03T01:20:06Z
50.011704297185389 19.978426557343052 -1 2024-02-03T01:20:06Z
50.01169840008594 19.978415644539897 -1 2024-02-03T01:36:14Z
50.011695836678022 19.978420629384686 -1 2024-02-03T02:26:05Z
50.011695606923986 19.978426659726114 -1 2024-02-03T02:59:18Z
50.011699869987595 19.97842978767456 -1 2024-02-03T02:59:18Z
50.011694246112654 19.978399439368584 -1 2024-02-03T03:50:37Z
50.011698542676307 19.978429123994729 -1 2024-02-03T03:50:37Z
50.01169938712156 19.978408344983858 -1 2024-02-03T04:36:41Z
50.011703661720929 19.978420935807467 -1 2024-02-03T05:09:59Z
50.011702419545443 19.978418739343216 -1 2024-02-03T05:45:35Z
50.011700085282968 19.978435928491855 -1 2024-02-03T06:17:48Z
50.011702498253172 19.978413461464886 -1 2024-02-03T06:50:53Z
50.011703604056358 19.978418072224219 -1 2024-02-03T07:12:25Z
50.011696501270855 19.978428777624227 -1 2024-02-03T07:12:25Z
50.011705466257006 19.978416065953351 -1 2024-02-03T07:46:45Z
50.011705771499713 19.97841684373455 -1 2024-02-03T08:19:55Z
50.011708856417798 19.97841646938323 -1 2024-02-03T09:18:29Z
50.011706897960778 19.978415664593367 -1 2024-02-03T09:48:10Z
50.011706196200606 19.978412152812286 -1 2024-02-03T10:17:03Z
50.011704865449701 19.978409720840371 -1 2024-02-03T10:51:43Z
50.011709799320975 19.978437971514772 -1 2024-02-03T11:15:08Z
50.011711098685474 19.978436027784603 -1 2024-02-03T11:52:02Z
50.011701554544373 19.97843044714616 -1 2024-02-03T11:52:02Z
50.011700713403727 19.978425582619611 -1 2024-02-03T12:45:24Z
50.011695183561571 19.978423823126494 -1 2024-02-03T12:54:38Z
50.011701066170659 19.978430092317701 -1 2024-02-03T12:54:38Z
50.011700942284484 19.978431531013207 -1 2024-02-03T12:54:38Z
50.01169406925171 19.978432580725496 -1 2024-02-03T16:15:13Z
50.011700426322747 19.978431609815608 -1 2024-02-03T16:15:13Z
50.011700148599402 19.978432792955619 -1 2024-02-03T16:15:13Z
50.011692241029387 19.97843267803421 -1 2024-02-03T17:25:57Z
50.011699567433382 19.978432784509479 -1 2024-02-03T17:25:57Z
50.01169904539352 19.9784342640841 -1 2024-02-03T17:25:57Z
50.011695100873226 19.978415768137012 -1 2024-02-03T18:39:05Z
50.011698732932082 19.978432798944581 -1 2024-02-03T18:39:05Z
50.011589640213629 19.97819101549112 -1 2024-02-03T18:56:31Z
50.011680707606395 19.978395204337886 -1 2024-02-03T18:56:31Z
50.011678402114995 19.978393462653532 -1 2024-02-03T18:56:31Z
50.011529763849381 19.978065699109813 -1 2024-02-03T19:19:52Z
50.011640889925019 19.978310743810134 -1 2024-02-03T19:19:52Z
50.011636584381968 19.978303900098819 -1 2024-02-03T19:19:52Z
50.011528953527609 19.978065196726174 -1 2024-02-03T19:35:06Z
50.011613872218341 19.978253528953477 -1 2024-02-03T19:35:06Z
50.011608987481573 19.978245136407473 -1 2024-02-03T19:35:06Z
50.011543565693259 19.978102246928877 -1 2024-02-03T20:05:00Z
50.011568589539898 19.978159487381593 -1 2024-02-03T20:20:43Z
50.011591261995846 19.978208500092094 -1 2024-02-03T20:20:43Z
50.011562796176072 19.978148298599645 -1 2024-02-03T20:50:42Z
50.0115952158678 19.978221108420634 -1 2024-02-03T21:09:26Z
50.011594369347947 19.978225388714336 -1 2024-02-03T21:35:54Z
50.011578709449019 19.978184763230391 -1 2024-02-03T21:35:54Z
50.011575868316605 19.978180919261408 -1 2024-02-03T21:50:20Z
50.011574794831112 19.97817689225835 -1 2024-02-03T21:50:20Z
50.011578396298809 19.978185775620265 -1 2024-02-03T22:20:46Z
50.011571500893716 19.978169923922717 -1 2024-02-03T22:20:46Z
