52.143393670594925 21.052027724504661 -1 2024-01-27T22:49:51Z
52.143323486924409 21.052050684145982 -1 2024-01-27T22:49:51Z
52.143396899014363 21.052017741276408 -1 2024-01-27T23:50:03Z
52.143332430862444 21.052054685562812 -1 2024-01-27T23:50:03Z
52.143334346691951 21.052064587066035 -1 2024-01-27T23:50:03Z
52.14338743802945 21.052063432351243 -1 2024-01-28T09:59:55Z
52.14338581401703 21.052067905511144 -1 2024-01-28T10:32:00Z
52.14334915517734 21.052168730753063 -1 2024-01-28T10:59:43Z
52.143346432186441 21.052176269603279 -1 2024-01-28T11:31:43Z
52.143345255514184 21.052179527327731 -1 2024-01-28T12:00:02Z
52.143345393566889 21.052179145116227 -1 2024-01-28T12:31:16Z
52.14335758150078 21.052110770364941 -1 2024-01-28T12:31:16Z
52.143368860913974 21.052114528295526 -1 2024-01-28T13:01:11Z
52.143358582834374 21.05211110397638 -1 2024-01-28T13:01:11Z
52.143361265036852 21.052112572315593 -1 2024-01-28T13:01:11Z
52.143345835738337 21.052177920924287 -1 2024-01-28T13:12:53Z
52.143345907608449 21.05217772194532 -1 2024-01-28T13:14:59Z
52.143355985941881 21.052150180892106 -1 2024-01-28T13:21:05Z
52.143363271997977 21.052126940853665 -1 2024-01-28T13:21:05Z
52.143360614739969 21.052135613716104 -1 2024-01-28T13:21:05Z
52.143356491620793 21.05214879151637 -1 2024-01-28T13:29:27Z
52.143360284398746 21.052136669511793 -1 2024-01-28T13:29:27Z
52.143338800000002 21.052197400000001 -1 2024-01-28T13:48:28Z
52.143338799999988 21.052197400000001 -1 2024-01-28T14:01:58Z
52.143338799999988 21.052197400000004 -1 2024-01-28T14:17:38Z
52.143348158949998 21.052171579552304 -1 2024-01-28T14:17:38Z
52.143338799999988 21.052197400000001 -1 2024-01-28T14:49:13Z
52.143338799999988 21.052197400000001 -1 2024-01-28T15:01:59Z
52.143346695477938 21.052175632776795 -1 2024-01-28T15:01:59Z
52.143338799999988 21.052197400000001 -1 2024-01-28T15:26:03Z
52.143338799999981 21.052197399999997 -1 2024-01-28T15:48:07Z
52.143338799999981 21.052197400000001 -1 2024-01-28T16:08:38Z
52.143342982817643 21.052185881724743 -1 2024-01-28T16:08:38Z
52.143338800000002 21.052197400000001 -1 2024-01-28T16:27:29Z
52.143338800000002 21.052197400000001 -1 2024-01-28T16:51:26Z
52.143338799999974 21.052197400000008 -1 2024-01-28T17:11:09Z
52.143340243300017 21.052193434475058 -1 2024-01-28T17:11:09Z
52.143338799999981 21.052197400000001 -1 2024-01-28T17:32:57Z
52.143338799999981 21.052197400000001 -1 2024-01-28T17:52:12Z
52.143338800000002 21.052197400000001 -1 2024-01-28T17:52:12Z
52.143338799999981 21.052197400000001 -1 2024-01-28T18:16:45Z
52.143344443505278 21.052181775448165 -1 2024-01-28T18:38:10Z
52.143344103331607 21.052182717249856 -1 2024-01-28T19:01:57Z
52.143339774479131 21.052194702067581 -1 2024-01-28T19:01:57Z
52.14334407277186 21.052182801857299 -1 2024-01-28T19:23:04Z
52.14334023165982 21.052193436321957 -1 2024-01-28T19:23:04Z
52.143340338104252 21.052193141621025 -1 2024-01-28T19:23:04Z
52.14334424454421 21.052182326289987 -1 2024-01-28T20:14:26Z
52.143344453284968 21.052181748372238 -1 2024-01-28T20:28:48Z
52.143344695933664 21.052181076577249 -1 2024-01-28T20:41:21Z
52.14334181034608 21.052189065587363 -1 2024-01-28T20:41:21Z
52.14334503078021 21.052180149524194 -1 2024-01-28T21:08:57Z
52.143345045730577 21.05218010813272 -1 2024-01-28T21:28:21Z
52.143344779239328 21.052180845937961 -1 2024-01-28T21:44:42Z
52.143343032164978 21.052185682871599 -1 2024-01-28T21:44:42Z
52.143338799999974 21.052197399999997 -1 2024-01-28T21:58:38Z
52.143338800000002 21.052197400000001 -1 2024-01-28T22:17:42Z
52.143338800000002 21.052197400000001 -1 2024-01-28T22:42:17Z
