50.011669075240199 19.978424310072509 -1 2023-11-08T22:13:32Z
50.01164641760046 19.978374322408683 -1 2023-11-09T04:42:23Z
50.069340967952847 19.947067958249018 -1 2023-11-09T08:55:39Z
50.06934473321234 19.947042052365212 -1 2023-11-09T08:58:13Z
50.069343152395945 19.947052928764613 -1 2023-11-09T08:58:13Z
50.070074152717872 19.946693185769245 -1 2023-11-09T09:00:51Z
50.069531655092327 19.946960163117215 -1 2023-11-09T09:00:51Z
50.230553 19.150291099999997 -1 2023-11-09T09:33:36Z
50.257997820461277 19.017299583302876 -1 2023-11-09T09:53:30Z
50.286307100000002 18.926313100000002 -1 2023-11-09T10:00:18Z
50.301048821340693 18.67961871987432 -1 2023-11-09T10:15:30Z
50.377072199999986 18.627626500000002 -1 2023-11-09T10:26:46Z
50.657271299999998 17.933711599999999 -1 2023-11-09T11:04:49Z
50.761571099999991 17.6100295 -1 2023-11-09T11:23:09Z
51.099915599999996 17.030067599999999 -1 2023-11-09T11:56:57Z
51.214832507597727 16.172949609032617 -1 2023-11-09T12:31:06Z
51.602055500000006 16.170669499999995 -1 2023-11-09T13:08:18Z
51.6698393 16.079035999999999 -1 2023-11-09T13:17:56Z
51.947474306153531 15.512839598813889 -1 2023-11-09T14:02:48Z
51.946168006752892 15.510410659452774 -1 2023-11-09T14:12:00Z
51.946267272568278 15.510129289752657 -1 2023-11-09T14:53:12Z
51.94621551235786 15.51027600485169 -1 2023-11-09T14:53:12Z
51.946961000000002 15.436236900000003 -1 2023-11-09T15:18:08Z
51.968423600000001 15.354509699999998 -1 2023-11-09T15:22:21Z
52.020551399740604 15.112140747543489 -1 2023-12-07T19:05:57Z
52.055835199999997 15.094340600000001 -1 2023-12-09T07:14:01Z
52.020677337597171 15.112018173680671 -1 2023-12-09T09:36:17Z
52.020565671498758 15.112126857046883 -1 2023-12-09T09:36:17Z
52.020642131078034 15.112052632673343 -1 2023-12-09T11:15:13Z
52.020573991457539 15.112118780326822 -1 2023-12-09T11:15:13Z
