52.020617700000003 15.111879600000002 -1 2024-01-31T14:53:49Z
51.384104700000002 16.199280300000002 -1 2024-02-01T12:27:49Z
51.384112586533419 16.199189192370003 -1 2024-02-01T14:00:57Z
51.384108381716288 16.199237767800646 -1 2024-02-01T14:00:57Z
51.384226639885725 16.199355784007647 -1 2024-02-01T15:28:18Z
51.384255231772123 16.199406106379158 -1 2024-02-01T16:00:59Z
51.384240719720331 16.199400838970718 -1 2024-02-01T16:01:33Z
51.384238488953756 16.199382060102675 -1 2024-02-01T16:01:33Z
51.384205475939261 16.199385377673511 -1 2024-02-01T16:02:07Z
51.384231865191353 16.199382725743607 -1 2024-02-01T16:02:07Z
51.114692799999986 16.9919616 -1 2024-02-01T18:04:27Z
51.114692799999993 16.9919616 -1 2024-02-01T18:23:14Z
51.114692799999986 16.9919616 -1 2024-02-01T18:23:14Z
51.114692799999986 16.9919616 -1 2024-02-01T18:43:59Z
51.114692799999986 16.991961599999996 -1 2024-02-01T19:13:34Z
51.114692799999986 16.9919616 -1 2024-02-01T19:13:34Z
51.114692799999986 16.9919616 -1 2024-02-01T19:23:55Z
51.114692799999986 16.991961599999996 -1 2024-02-01T19:23:55Z
51.114692799999993 16.991961599999996 -1 2024-02-01T19:40:54Z
51.114692799999986 16.9919616 -1 2024-02-01T19:40:54Z
51.114692799999993 16.9919616 -1 2024-02-01T20:17:07Z
