52.053291387294159 15.107605966523153 -1 2024-01-30T11:55:46Z
51.921136099999998 15.567702100000005 -1 2024-02-01T10:33:08Z
51.451186999999976 16.132256300000002 -1 2024-02-01T11:06:16Z
51.3844925 16.201385500000001 -1 2024-02-01T11:37:55Z
51.383951799999984 16.199710699999997 -1 2024-02-01T11:47:12Z
51.383951799999984 16.199710699999997 -1 2024-02-01T12:17:07Z
51.383951799999984 16.199710699999997 -1 2024-02-01T12:32:02Z
51.383950311439854 16.19970192360956 -1 2024-02-01T12:36:19Z
51.383987235633626 16.199678589677287 -1 2024-02-01T13:05:34Z
51.384103013973316 16.199593661057829 -1 2024-02-01T13:07:53Z
51.383988762927032 16.199679656255856 -1 2024-02-01T13:07:53Z
51.384126253729498 16.199576613594143 -1 2024-02-01T13:57:19Z
51.384126306168376 16.199567203206421 -1 2024-02-01T14:01:00Z
51.384174689058163 16.199532179581745 -1 2024-02-01T14:05:24Z
51.384049098205345 16.199632163017906 -1 2024-02-01T14:05:24Z
51.384201625777671 16.199512533910298 -1 2024-02-01T15:02:48Z
51.384204566201369 16.199511552354224 -1 2024-02-01T15:03:14Z
51.384082472566462 16.199606130799047 -1 2024-02-01T15:03:14Z
51.384103483703939 16.199590459741096 -1 2024-02-01T15:28:52Z
51.384285781633118 16.199454529534904 -1 2024-02-01T15:30:06Z
51.384293537642485 16.1994487783784 -1 2024-02-01T15:56:24Z
51.38415871332186 16.199548504761012 -1 2024-02-01T15:56:24Z
51.384173179294351 16.199537165111298 -1 2024-02-01T15:56:24Z
51.384284979017323 16.199431990029765 -1 2024-02-01T15:59:59Z
51.1120698 17.000309900000001 -1 2024-02-01T17:26:16Z
51.114571437664907 16.992032933251622 -1 2024-02-01T18:04:58Z
51.114693165251005 16.992851751330758 -1 2024-02-01T18:24:42Z
51.114668837726931 16.992688105319381 -1 2024-02-01T18:24:42Z
51.114683061367522 16.992748064381214 -1 2024-02-01T18:45:16Z
51.114674353171502 16.992711355386653 -1 2024-02-01T18:45:16Z
51.1146840788616 16.992665914435982 -1 2024-02-01T19:13:17Z
51.114676808751561 16.992699882288271 -1 2024-02-01T19:13:17Z
51.114654589874071 16.99201232942298 -1 2024-02-01T19:25:36Z
51.114674828839227 16.992638609714653 -1 2024-02-01T19:25:36Z
51.114692799999993 16.991961599999993 -1 2024-02-01T19:40:51Z
51.114676177303146 16.992587815512774 -1 2024-02-01T19:40:51Z
51.114692799999993 16.991961599999993 -1 2024-02-01T21:15:50Z
51.114677334058861 16.992544241948213 -1 2024-02-01T21:15:50Z
51.114692799999986 16.991961599999993 -1 2024-02-01T21:39:03Z
51.114679249251637 16.99247209764302 -1 2024-02-01T21:39:03Z
