52.143287977591839 21.051758255374114 -1 2024-01-20T18:58:18Z
52.143415619223958 21.051826527077928 -1 2024-01-20T22:39:03Z
52.143294368214228 21.051761673517696 -1 2024-01-20T22:39:03Z
52.14329438720285 21.051759109116357 -1 2024-01-20T22:39:03Z
52.143350612643957 21.052160293189498 -1 2024-01-21T13:23:57Z
52.143348238373036 21.052167751441413 -1 2024-01-21T13:39:30Z
52.143346096804187 21.052174478708867 -1 2024-01-21T14:02:38Z
52.143346012953721 21.052174742106587 -1 2024-01-21T14:11:43Z
52.143345427769404 21.052176580334052 -1 2024-01-21T15:02:34Z
52.143338800000002 21.052197400000001 -1 2024-01-21T15:33:25Z
52.143338800000002 21.052197400000001 -1 2024-01-21T16:19:43Z
52.143339902461705 21.052087601737394 -1 2024-01-21T16:19:43Z
52.143338800000002 21.052197400000001 -1 2024-01-21T17:17:06Z
52.143338799999988 21.052197400000001 -1 2024-01-21T17:55:27Z
52.143338799999981 21.052197400000001 -1 2024-01-21T18:26:46Z
52.143344331240975 21.052180024835799 -1 2024-01-21T18:27:02Z
52.143344913244547 21.052174894439514 -1 2024-01-21T18:27:02Z
52.143343063980744 21.052184005653274 -1 2024-01-21T18:27:02Z
52.143344331240989 21.052180024835796 -1 2024-01-21T20:09:35Z
52.143343170141186 21.052183672173779 -1 2024-01-21T20:09:35Z
52.143343069007997 21.052166339831548 -1 2024-01-21T21:37:22Z
52.14334259165053 21.052184063874275 -1 2024-01-21T21:37:22Z
52.143337247641917 21.052184150447495 -1 2024-01-21T22:34:51Z
