52.023499925004529 15.11387534996928 -1 2023-11-10T20:40:33Z
52.0207579 15.111941899999994 -1 2023-11-11T06:50:14Z
52.020755022303781 15.111944949295991 -1 2023-11-11T06:50:14Z
52.0207579 15.111941899999994 -1 2023-11-11T14:36:11Z
52.020573991457539 15.112118780326822 -1 2023-12-09T11:15:13Z
52.020649341768703 15.112036315939447 -1 2023-12-11T03:48:31Z
52.020580436834145 15.112111726433886 -1 2023-12-11T03:48:31Z
52.041467799999985 15.098519099999999 -1 2023-12-11T12:38:37Z
52.041469355298339 15.098496432168648 -1 2023-12-11T12:39:29Z
52.041468592880292 15.098507544105098 -1 2023-12-11T12:39:29Z
52.053637204817058 15.107240582863936 -1 2023-12-11T13:42:11Z
52.053594708103184 15.107282274647899 -1 2023-12-11T14:02:50Z
52.053602620925588 15.107273847663178 -1 2023-12-11T14:02:52Z
52.053612645256784 15.107264476106639 -1 2023-12-11T14:02:52Z
52.053614502912559 15.107319633041651 -1 2023-12-11T14:16:15Z
52.053613057331127 15.1072767112229 -1 2023-12-11T14:16:15Z
52.023664199999999 15.1142515 -1 2023-12-11T16:14:20Z
