52.143381815526162 21.052158453942237 -1 2024-01-08T22:10:26Z
52.143338799999981 21.052197400000001 -1 2024-01-08T22:49:29Z
52.14337278703816 21.052165112067421 -1 2024-01-08T22:49:29Z
52.143368856308172 21.052167723186155 -1 2024-01-08T22:49:29Z
52.143338799999981 21.052197400000001 -1 2024-01-09T05:41:20Z
52.143338799999981 21.052197400000001 -1 2024-01-09T06:21:46Z
52.143338799999981 21.052197400000001 -1 2024-01-09T06:24:12Z
52.14335484682249 21.052181911771171 -1 2024-01-09T06:24:12Z
52.143350759701462 21.052186810096131 -1 2024-01-09T06:24:12Z
52.14333867498982 21.052194340902251 -1 2024-01-09T11:55:40Z
52.143349710977077 21.052187463627824 -1 2024-01-09T11:55:40Z
52.143344482686516 21.052177542882063 -1 2024-01-09T13:26:53Z
52.143344096803744 21.052178891279937 -1 2024-01-09T13:33:15Z
52.143344418736277 21.052172561690288 -1 2024-01-09T14:28:58Z
52.143344063875134 21.052174130398164 -1 2024-01-09T14:58:05Z
52.143343457337593 21.052181609532763 -1 2024-01-09T15:29:21Z
52.143338799999988 21.052197400000001 -1 2024-01-09T15:58:40Z
52.143338799999981 21.052197400000001 -1 2024-01-09T16:28:28Z
52.143338799999988 21.052197400000001 -1 2024-01-09T16:47:37Z
52.143338800000002 21.052197400000001 -1 2024-01-09T17:10:52Z
52.143338800000002 21.052197400000001 -1 2024-01-09T17:52:27Z
52.143338800000002 21.052197400000001 -1 2024-01-09T18:08:27Z
52.143338799999974 21.052197399999997 -1 2024-01-09T18:49:27Z
52.143338799999974 21.052197399999997 -1 2024-01-09T19:05:43Z
52.143340546732439 21.052190510032116 -1 2024-01-09T19:05:43Z
52.143338799999981 21.052197400000001 -1 2024-01-09T19:38:04Z
52.143338799999981 21.052197400000001 -1 2024-01-09T20:06:47Z
52.143348539567569 21.052187795272499 -1 2024-01-09T20:39:19Z
52.143348412808585 21.052187920276598 -1 2024-01-09T21:30:28Z
52.143348457528539 21.052187876175754 -1 2024-01-09T21:53:07Z
52.143359796045488 21.052176694629434 -1 2024-01-09T22:12:49Z
