52.143341372596048 21.052191328335098 -1 2024-01-12T21:39:03Z
52.143338799999995 21.052197399999997 -1 2024-01-12T23:05:06Z
52.14334930472549 21.052177858617828 -1 2024-01-12T23:05:06Z
52.143347802968684 21.052180576562066 -1 2024-01-12T23:05:06Z
52.143345109558169 21.05218972823117 -1 2024-01-13T12:21:23Z
52.143365929051726 21.052152226717727 -1 2024-01-13T14:21:40Z
52.143365884657001 21.052152699732513 -1 2024-01-13T14:21:40Z
52.143371974409881 21.052138712736291 -1 2024-01-13T17:15:43Z
52.143372459108249 21.0521378782786 -1 2024-01-13T17:15:43Z
52.143449171385846 21.051959756377894 -1 2024-01-13T19:12:54Z
52.143378619622077 21.052123573933102 -1 2024-01-13T19:12:54Z
52.143381548335185 21.052117662172517 -1 2024-01-13T19:12:54Z
