52.023336199999996 15.115071100000007 -1 2023-11-23T10:55:27Z
52.020678810436813 15.111986448093726 -1 2023-11-24T14:06:53Z
52.020666324354131 15.112021544564831 -1 2023-11-24T14:06:53Z
52.020655916995295 15.112030616919389 -1 2023-11-24T14:06:53Z
52.020545648714624 15.11213062514496 -1 2023-12-23T13:43:09Z
52.020521641625429 15.112142038309969 -1 2023-12-24T19:09:23Z
52.020543162163243 15.112131807272252 -1 2023-12-24T19:09:23Z
52.020518341549419 15.112140338272317 -1 2023-12-24T19:48:14Z
52.020540832633202 15.112132607946704 -1 2023-12-24T19:48:14Z
52.020533243125527 15.112139669217624 -1 2023-12-24T19:48:14Z
