50.011655802012179 19.978333471054622 -1 2023-11-02T21:16:01Z
50.011656432173979 19.978314119274035 -1 2023-11-03T06:41:05Z
50.011655655293573 19.978317051948476 -1 2023-11-03T06:44:46Z
50.011655801489091 19.978333462323942 -1 2023-11-03T06:47:05Z
50.011655801489091 19.978333462323942 -1 2023-11-03T06:50:50Z
50.011701223594002 19.978481214378764 -1 2023-11-03T06:51:02Z
50.011701223594002 19.978481214378764 -1 2023-11-03T06:52:05Z
50.011655801597222 19.978333469901642 -1 2023-11-03T06:53:20Z
50.011655801597222 19.978333469901642 -1 2023-11-03T06:54:35Z
50.011655801597222 19.978333469901642 -1 2023-11-03T06:55:50Z
50.011655801597222 19.978333469901642 -1 2023-11-03T06:57:05Z
50.011768936140548 19.978462059015932 -1 2023-11-03T06:58:20Z
50.011768936140548 19.978462059015932 -1 2023-11-03T06:59:35Z
50.011655803906578 19.978333469568685 -1 2023-11-03T07:04:50Z
50.011641021369265 19.978322771651218 -1 2023-11-03T07:13:11Z
50.011650067740497 19.978342365444178 -1 2023-11-03T07:13:11Z
50.011645031870266 19.978320557981391 -1 2023-11-03T07:28:19Z
50.011648923339067 19.9783374096966 -1 2023-11-03T07:28:19Z
50.011646334645654 19.978344284675714 -1 2023-11-03T07:43:21Z
50.011648190692753 19.978355003102859 -1 2023-11-03T07:58:49Z
50.011654534199934 19.978356464178763 -1 2023-11-03T08:13:16Z
50.011648082892442 19.978345436993383 -1 2023-11-03T08:28:54Z
50.011652963806 19.978371465925242 -1 2023-11-03T08:43:46Z
50.011658203977404 19.978395820758799 -1 2023-11-03T08:59:17Z
50.011643850023063 19.978388749956729 -1 2023-11-03T09:14:46Z
50.011638233420456 19.978339150419767 -1 2023-11-03T09:31:03Z
50.01168630763248 19.978524958490951 -1 2023-11-03T09:51:07Z
50.011642239745711 19.97834261353481 -1 2023-11-03T10:01:17Z
50.011655800775934 19.97833346684784 -1 2023-11-03T10:22:07Z
50.011691706398651 19.978412862490583 -1 2023-11-03T10:37:32Z
50.011642718585925 19.978330465811773 -1 2023-11-03T10:48:14Z
50.011655800281645 19.97833346827926 -1 2023-11-03T11:08:09Z
50.01164244474294 19.978327261563571 -1 2023-11-03T11:19:14Z
50.011646908432148 19.97834688657943 -1 2023-11-03T11:19:14Z
50.011656562559367 19.978391527177493 -1 2023-11-03T11:34:16Z
50.011643993233285 19.978364105539814 -1 2023-11-03T11:50:17Z
50.011644185082801 19.978358776476796 -1 2023-11-03T12:05:16Z
50.011652981193166 19.97835516964857 -1 2023-11-03T12:36:46Z
50.011646875580062 19.978351834677795 -1 2023-11-03T12:36:46Z
50.011651377200245 19.978329900720183 -1 2023-11-03T12:51:46Z
50.011651243610586 19.978342307074069 -1 2023-11-03T13:07:47Z
50.011647552235672 19.978335691346182 -1 2023-11-03T13:23:17Z
50.011630694987268 19.978271864895152 -1 2023-11-03T13:38:45Z
50.011637517110742 19.978302876736365 -1 2023-11-03T13:54:14Z
50.011641519431457 19.978295083858953 -1 2023-11-03T14:09:16Z
50.011642943125132 19.97831981131462 -1 2023-11-03T14:24:46Z
50.011650081509913 19.978319169759473 -1 2023-11-03T15:00:18Z
50.011644670849066 19.978332803098215 -1 2023-11-03T15:00:18Z
50.011639100005823 19.978351449994122 -1 2023-11-03T15:11:17Z
50.011655100010891 19.978364899975304 -1 2023-11-03T15:26:47Z
50.011664500009836 19.978367349985831 -1 2023-11-03T15:42:17Z
50.011648125003255 19.978319524995364 -1 2023-11-03T15:58:13Z
50.011684490349126 19.978524015604226 -1 2023-11-03T16:27:16Z
50.011655801017881 19.978333471630201 -1 2023-11-03T16:29:28Z
50.011646632570141 19.978342196863874 -1 2023-11-03T16:29:28Z
50.011655801017881 19.978333471630201 -1 2023-11-03T16:34:00Z
50.01166968324938 19.978552342601738 -1 2023-11-03T16:35:15Z
50.011655800512287 19.978333472700985 -1 2023-11-03T16:36:40Z
50.011655800512287 19.978333472700985 -1 2023-11-03T16:37:45Z
50.011642029495547 19.978322031623417 -1 2023-11-03T16:37:45Z
50.011655800512287 19.978333472700985 -1 2023-11-03T16:40:15Z
50.011679127006438 19.978606760123981 -1 2023-11-03T16:41:40Z
50.011679127006438 19.978606760123981 -1 2023-11-03T16:42:45Z
50.011648088177736 19.978377983018582 -1 2023-11-03T16:42:45Z
50.01166737637017 19.978493154637277 -1 2023-11-03T16:57:43Z
50.011706934884806 19.978398756194093 -1 2023-11-03T17:03:17Z
50.011638661203818 19.978391838551218 -1 2023-11-03T17:07:44Z
50.011647982987604 19.978334303508813 -1 2023-11-03T17:07:44Z
50.011648808221423 19.97833678150981 -1 2023-11-03T17:07:44Z
50.005636299999999 20.015783400000007 -1 2023-11-03T19:45:23Z
50.011571405069262 19.978310239183855 -1 2023-11-03T19:52:36Z
50.011639911944812 19.978427519886907 -1 2023-11-03T20:12:24Z
50.011643004650537 19.978353628880257 -1 2023-11-03T20:12:24Z
50.011423448057549 19.978117933809639 -1 2023-11-03T20:28:30Z
50.011603623467813 19.9783176439222 -1 2023-11-03T20:41:47Z
50.011655802359094 19.978333468466172 -1 2023-11-03T21:07:44Z
50.011688420889406 19.978481602065067 -1 2023-11-03T21:08:10Z
50.011688420889406 19.978481602065067 -1 2023-11-03T21:09:30Z
50.011604263711973 19.978323365949837 -1 2023-11-03T21:10:45Z
50.011655799213173 19.978333461553877 -1 2023-11-03T21:12:00Z
50.011655799213173 19.978333461553877 -1 2023-11-03T21:13:15Z
50.011655799213173 19.978333461553877 -1 2023-11-03T21:14:30Z
50.011655799213173 19.978333461553877 -1 2023-11-03T21:15:45Z
50.011680384952435 19.978413127208761 -1 2023-11-03T21:17:00Z
50.011675933577536 19.978398703403293 -1 2023-11-03T21:18:15Z
50.011675933577536 19.978398703403293 -1 2023-11-03T21:19:30Z
50.011675933577536 19.978398703403293 -1 2023-11-03T21:20:45Z
50.011675933577536 19.978398703403293 -1 2023-11-03T21:22:00Z
50.011710309598492 19.978496721043353 -1 2023-11-03T21:23:15Z
50.011609370612241 19.978327849734661 -1 2023-11-03T21:23:15Z
50.011679781938554 19.978326839849611 -1 2023-11-03T21:24:00Z
50.01170231812003 19.978454870829371 -1 2023-11-03T21:44:11Z
50.011617147642511 19.978334893220918 -1 2023-11-03T21:44:11Z
50.011655800526995 19.978333469509082 -1 2023-11-03T21:54:56Z
50.011666446798898 19.978394110973383 -1 2023-11-03T22:00:27Z
