52.143258498876442 21.051818525250187 -1 2024-01-17T22:40:07Z
52.143258873620347 21.051820419504342 -1 2024-01-17T23:01:21Z
52.143245713659361 21.051804842065579 -1 2024-01-17T23:01:21Z
52.14324626440682 21.051803212656225 -1 2024-01-17T23:01:21Z
52.143262600406622 21.051832681391193 -1 2024-01-18T00:52:19Z
52.143247792435211 21.051805969086196 -1 2024-01-18T00:52:19Z
52.143249419220354 21.051806314459412 -1 2024-01-18T00:52:19Z
52.143270903055637 21.051843993118009 -1 2024-01-18T01:55:48Z
52.143251479496669 21.051809927799081 -1 2024-01-18T01:55:48Z
52.143253157786667 21.051810674688532 -1 2024-01-18T01:55:48Z
52.143271413297441 21.051753495455234 -1 2024-01-18T07:58:58Z
52.14323608947798 21.051702884465069 -1 2024-01-18T08:47:02Z
52.143216618063072 21.051709161900003 -1 2024-01-18T09:00:20Z
52.143254146873602 21.05176951296885 -1 2024-01-18T09:00:20Z
52.143254651091013 21.051767137311355 -1 2024-01-18T09:00:20Z
52.143208969411084 21.05172147170104 -1 2024-01-18T10:34:14Z
52.143250919358117 21.051763406886991 -1 2024-01-18T10:34:14Z
52.143250929998914 21.051762122317747 -1 2024-01-18T10:34:14Z
