50.011676370529678 19.978486626547898 -1 2023-11-14T13:57:23Z
50.011676370529678 19.978486626547898 -1 2023-11-14T13:58:38Z
50.011676370529678 19.978486626547898 -1 2023-11-14T13:59:53Z
50.011701639428786 19.978427285186982 -1 2023-11-14T13:59:53Z
50.011682276640066 19.978475222833161 -1 2023-11-14T14:02:23Z
50.011682276640066 19.978475222833161 -1 2023-11-14T14:03:38Z
50.011642888301814 19.978397339987119 -1 2023-11-14T14:04:53Z
50.011642888301814 19.978397339987119 -1 2023-11-14T14:06:08Z
50.011691472756375 19.978425423053874 -1 2023-11-14T14:06:08Z
50.011702491092905 19.97845351404268 -1 2023-11-14T14:09:53Z
50.011661328714347 19.97847204439492 -1 2023-11-14T14:15:08Z
50.011684221200596 19.978440784579774 -1 2023-11-14T14:15:58Z
50.011627426485397 19.978480391776369 -1 2023-11-14T14:17:54Z
50.011669971863029 19.97843913908514 -1 2023-11-14T14:19:09Z
50.011669971863029 19.97843913908514 -1 2023-11-14T14:20:24Z
50.011683108987974 19.978439115197219 -1 2023-11-14T14:20:24Z
50.011698939157881 19.97839210092404 -1 2023-11-14T14:24:09Z
50.011698939157881 19.97839210092404 -1 2023-11-14T14:25:24Z
50.011660160665627 19.978446167953496 -1 2023-11-14T14:26:39Z
50.011675370211336 19.978448121427164 -1 2023-11-14T14:26:58Z
50.011681684065884 19.978440596671422 -1 2023-11-14T14:26:58Z
50.011680700909551 19.978441030934178 -1 2023-11-14T14:26:58Z
50.011679892422947 19.97844628437387 -1 2023-11-14T14:34:30Z
50.011687532522195 19.97844413631228 -1 2023-11-14T14:41:27Z
50.011689155573038 19.978438470944592 -1 2023-11-14T14:44:51Z
50.011679274495755 19.978440829255643 -1 2023-11-14T14:44:51Z
50.01170301096041 19.978418810956274 -1 2023-11-14T14:53:44Z
50.011713876412657 19.978424160572075 -1 2023-11-14T14:59:45Z
50.011678892512755 19.978441153849285 -1 2023-11-14T14:59:45Z
50.011723233406741 19.978414384098173 -1 2023-11-14T15:13:22Z
50.011723960009626 19.978416470008359 -1 2023-11-14T15:15:39Z
50.011726686287879 19.97843218039127 -1 2023-11-14T15:32:25Z
50.011713989571149 19.978439220410941 -1 2023-11-14T15:47:34Z
50.011709540876829 19.978437305611433 -1 2023-11-14T16:05:40Z
50.011699801865092 19.978444124016615 -1 2023-11-14T16:18:52Z
50.011702284838407 19.978441938698779 -1 2023-11-14T16:34:42Z
50.011694096048714 19.978436604722255 -1 2023-11-14T16:50:41Z
50.01170426808531 19.978436288078488 -1 2023-11-14T17:06:45Z
50.011710555945847 19.978429161478786 -1 2023-11-14T17:23:41Z
50.011707160462997 19.978430460824974 -1 2023-11-14T17:34:26Z
50.011711830004813 19.97843343500729 -1 2023-11-14T17:47:03Z
50.011719325004471 19.978430175005467 -1 2023-11-14T18:05:55Z
50.011705960317144 19.978434800924965 -1 2023-11-14T18:05:55Z
50.01172290500368 19.978423315008918 -1 2023-11-14T18:30:18Z
50.011724325005048 19.978410715001814 -1 2023-11-14T18:42:44Z
50.011721710006697 19.978401129992665 -1 2023-11-14T18:59:42Z
50.011712410013487 19.978385714968688 -1 2023-11-14T19:21:42Z
50.011700770021328 19.978369924955658 -1 2023-11-14T19:40:10Z
50.011706808391502 19.978421122646306 -1 2023-11-14T19:40:10Z
50.011698525962501 19.978363602987169 -1 2023-11-14T20:11:05Z
50.011721031107356 19.97838930541047 -1 2023-11-14T20:26:23Z
50.011721857207668 19.97839059685645 -1 2023-11-14T20:33:35Z
50.011721304785631 19.978415848399639 -1 2023-11-14T20:55:49Z
50.011714258861531 19.978420661736781 -1 2023-11-14T21:07:14Z
50.011702118465308 19.978427185882229 -1 2023-11-14T21:29:51Z
50.011702016459296 19.978430912308287 -1 2023-11-14T21:46:03Z
50.011709092748085 19.978405841778706 -1 2023-11-14T21:46:03Z
50.011707912122411 19.978404348225713 -1 2023-11-14T21:46:03Z
50.011700364411354 19.978436850138888 -1 2023-11-14T22:26:10Z
50.01170678719285 19.978448835929623 -1 2023-11-14T22:42:36Z
