52.143338799999981 21.052197399999997 -1 2024-01-23T22:24:27Z
52.143338799999981 21.052197400000001 -1 2024-01-23T22:35:00Z
52.143338799999988 21.052197400000001 -1 2024-01-23T23:04:47Z
52.143338799999988 21.052197400000001 -1 2024-01-23T23:31:19Z
52.143338799999981 21.052197399999997 -1 2024-01-23T23:31:19Z
52.143338799999981 21.052197400000001 -1 2024-01-23T23:39:53Z
52.143338799999988 21.052197399999997 -1 2024-01-23T23:39:53Z
52.143338799999995 21.052197400000001 -1 2024-01-24T00:21:59Z
52.143338799999988 21.052197400000001 -1 2024-01-24T00:21:59Z
52.143337070759173 21.052182730516691 -1 2024-01-24T04:05:49Z
52.143338681090228 21.052196391265049 -1 2024-01-24T04:05:49Z
52.143338668226654 21.05219628214077 -1 2024-01-24T04:05:49Z
52.143337070759173 21.052182730516684 -1 2024-01-24T08:45:19Z
52.143338555114333 21.052195322586737 -1 2024-01-24T08:45:19Z
52.143337140520387 21.05218332231415 -1 2024-01-24T09:22:47Z
52.14333720891387 21.052183902508904 -1 2024-01-24T10:18:54Z
52.143337404448062 21.05218556126238 -1 2024-01-24T10:44:21Z
52.14333748060568 21.05218620732208 -1 2024-01-24T10:59:33Z
52.143337286793596 21.052184563177338 -1 2024-01-24T11:47:13Z
52.143337893094412 21.052189706543029 -1 2024-01-24T11:47:13Z
52.143337753222703 21.05218851998438 -1 2024-01-24T12:05:05Z
52.143338799999988 21.052197400000001 -1 2024-01-24T13:18:46Z
52.143337756459125 21.052188547439552 -1 2024-01-24T13:18:46Z
52.143338799999988 21.052197400000004 -1 2024-01-24T14:26:31Z
52.143338799999981 21.052197400000001 -1 2024-01-24T14:48:01Z
52.143337781980364 21.05218876394116 -1 2024-01-24T14:48:01Z
52.143340786655017 21.052191658425908 -1 2024-01-24T15:40:55Z
52.143340731750627 21.05219181710352 -1 2024-01-24T16:13:37Z
52.143338606892627 21.052189723287796 -1 2024-01-24T16:13:37Z
52.14333872285475 21.052190229483013 -1 2024-01-24T16:13:37Z
52.143340722201621 21.052191844700836 -1 2024-01-24T16:21:25Z
52.143338902147896 21.052190374329058 -1 2024-01-24T16:21:25Z
52.143339038714309 21.052190896308492 -1 2024-01-24T16:21:25Z
52.14334022532919 21.052187061586075 -1 2024-01-24T18:39:12Z
52.14333914049223 21.052190567398011 -1 2024-01-24T18:39:12Z
52.143340305558624 21.052186479653496 -1 2024-01-24T18:59:14Z
52.143340318178431 21.052186388117651 -1 2024-01-24T19:23:20Z
52.14333822091114 21.052192953996673 -1 2024-01-24T19:43:58Z
52.143339680843042 21.052191339328779 -1 2024-01-24T19:43:58Z
52.143338231417921 21.05219303466335 -1 2024-01-24T20:09:13Z
52.143339744734497 21.052192020545615 -1 2024-01-24T20:09:13Z
52.143339825041345 21.052191563266778 -1 2024-01-24T20:09:13Z
52.143338225594931 21.052192989956687 -1 2024-01-24T20:31:51Z
52.143339690655147 21.052191683137906 -1 2024-01-24T20:31:51Z
52.143339765132069 21.052191205091582 -1 2024-01-24T20:31:51Z
52.143338799999981 21.052197400000001 -1 2024-01-24T20:54:45Z
52.143339680690005 21.052191747101269 -1 2024-01-24T20:54:45Z
52.143339759766441 21.052191239532057 -1 2024-01-24T20:54:45Z
52.143338799999988 21.052197400000001 -1 2024-01-24T21:21:36Z
52.143339676678636 21.052191772849113 -1 2024-01-24T21:21:36Z
52.143339389932571 21.052192343316936 -1 2024-01-24T21:42:06Z
52.143339883042891 21.052189747454438 -1 2024-01-24T22:00:44Z
52.143339804422681 21.052189555732074 -1 2024-01-24T22:00:44Z
52.143346501173404 21.052154666034493 -1 2024-01-24T22:23:48Z
52.143340297441952 21.052186987131414 -1 2024-01-24T22:23:48Z
52.143340257367583 21.052186528839396 -1 2024-01-24T22:23:48Z
52.143347000477753 21.052151895381215 -1 2024-01-24T22:42:44Z
52.143340739062808 21.052184054794491 -1 2024-01-24T22:42:44Z
