51.114598050276065 16.991960423161782 -1 2024-02-03T22:35:40Z
51.114608211960437 16.992544278466895 -1 2024-02-03T22:35:40Z
51.114610345489794 16.992404295638451 -1 2024-02-03T22:35:40Z
51.114621550750655 16.991997657452099 -1 2024-02-04T00:09:54Z
51.114611011074686 16.992380143045306 -1 2024-02-04T00:09:54Z
51.11461164831266 16.992208286901057 -1 2024-02-04T00:09:54Z
51.109720192650968 16.880032679426527 -1 2024-02-04T03:16:56Z
51.109779701027826 16.88017466316807 -1 2024-02-04T03:29:03Z
51.109797458305856 16.880391654390621 -1 2024-02-04T03:36:57Z
51.109757795846022 16.880492637870731 -1 2024-02-04T03:55:19Z
51.109736398909149 16.880486172367391 -1 2024-02-04T04:20:17Z
51.109759809188802 16.880317348477487 -1 2024-02-04T04:20:17Z
51.109630730995143 16.880364428963837 -1 2024-02-04T04:48:59Z
51.109746449704765 16.880390489100233 -1 2024-02-04T05:05:28Z
51.109730220311569 16.880253141068696 -1 2024-02-04T05:08:46Z
51.109661117673269 16.880194708812549 -1 2024-02-04T05:10:54Z
51.109733325926619 16.880291356850474 -1 2024-02-04T05:10:54Z
52.303923286137696 4.7626913212034845 -1 2024-02-04T08:05:32Z
52.303850993594047 4.7627801271270354 -1 2024-02-04T08:36:33Z
52.303843567855573 4.7627942569487622 -1 2024-02-04T09:06:49Z
52.303794986945597 4.7628093277271164 -1 2024-02-04T09:38:34Z
52.303795634301856 4.762882534349794 -1 2024-02-04T10:05:58Z
52.303841100850455 4.7627907104569402 -1 2024-02-04T10:05:58Z
52.30130707224631 4.7571892028734055 -1 2024-02-04T11:04:51Z
52.301215221480554 4.7567991772329616 -1 2024-02-04T11:07:37Z
52.301236937641015 4.7568913898623135 -1 2024-02-04T11:07:37Z
55.628586800000001 12.648436 -1 2024-02-04T13:03:57Z
55.629433814956954 12.649434393541762 -1 2024-02-04T13:44:12Z
55.629333337741869 12.649474305623198 -1 2024-02-04T13:47:29Z
55.629407179546867 12.649444973818214 -1 2024-02-04T13:47:29Z
55.629224925542168 12.64948099524997 -1 2024-02-04T13:47:51Z
55.629374987250245 12.64945133646078 -1 2024-02-04T13:47:51Z
55.629197727138553 12.649472690956769 -1 2024-02-04T13:53:58Z
55.629347924792818 12.649454596683038 -1 2024-02-04T13:53:58Z
55.62932322353393 12.649455444614832 -1 2024-02-04T13:55:14Z
55.629302618108909 12.649449169216348 -1 2024-02-04T13:57:50Z
55.629320637320482 12.649454656981112 -1 2024-02-04T13:57:50Z
55.629354763099172 12.64943910726527 -1 2024-02-04T14:03:07Z
55.629324305840804 12.649452985388404 -1 2024-02-04T14:03:07Z
55.629352147676364 12.649461973735653 -1 2024-02-04T14:06:44Z
55.629355090811927 12.64945187804023 -1 2024-02-04T14:09:38Z
55.629380877516468 12.649487300843592 -1 2024-02-04T14:16:55Z
55.629440550497641 12.649470114359842 -1 2024-02-04T14:17:49Z
55.629340480284533 12.649457273983266 -1 2024-02-04T14:17:49Z
55.629321614423183 12.649460281187379 -1 2024-02-04T14:17:49Z
55.637149825001643 12.642323100006001 -1 2024-02-04T14:48:02Z
55.637135654019652 12.642353520019174 -1 2024-02-04T14:54:37Z
55.637142564383581 12.642338685952325 -1 2024-02-04T14:54:37Z
55.637146344291395 12.642361478297579 -1 2024-02-04T15:01:16Z
55.637143893621399 12.642346701077496 -1 2024-02-04T15:01:16Z
