52.143240389531194 21.05175698838006 -1 2024-01-20T21:06:56Z
52.143256154741096 21.05189379640381 -1 2024-01-21T12:42:23Z
52.143241828369341 21.051769474331177 -1 2024-01-21T12:42:23Z
52.143339255126044 21.052180918089995 -1 2024-01-21T13:39:33Z
52.143338799999988 21.052197400000001 -1 2024-01-21T14:07:46Z
52.143338799999981 21.052197400000001 -1 2024-01-21T14:44:03Z
52.143338799999995 21.052197400000001 -1 2024-01-21T15:15:57Z
52.143338799999988 21.052197400000004 -1 2024-01-21T15:38:07Z
52.143302977322278 21.052061860112893 -1 2024-01-21T15:38:07Z
52.143338799999981 21.052197400000001 -1 2024-01-21T16:48:46Z
52.143338799999981 21.052197400000001 -1 2024-01-21T17:17:08Z
52.143323316398991 21.052138947827256 -1 2024-01-21T17:17:08Z
52.143338799999981 21.052197400000001 -1 2024-01-21T17:55:58Z
52.143328313065908 21.052157713970939 -1 2024-01-21T17:55:58Z
52.143338799999981 21.052197400000001 -1 2024-01-21T18:27:07Z
52.143332658416533 21.052174125989062 -1 2024-01-21T18:27:07Z
52.143338799999981 21.052197400000001 -1 2024-01-21T19:50:52Z
52.143338799999974 21.052197400000004 -1 2024-01-21T20:13:32Z
52.143348860733489 21.052191841054874 -1 2024-01-21T20:55:54Z
52.143347753408371 21.052178075929863 -1 2024-01-21T21:37:29Z
52.143340322119265 21.052195428182497 -1 2024-01-21T21:37:29Z
52.143340465310629 21.052195242686334 -1 2024-01-21T21:37:29Z
