52.143338799999981 21.052197400000001 -1 2024-01-11T22:47:10Z
52.14333915632325 21.052195594782056 -1 2024-01-11T23:02:15Z
52.143329874012679 21.052189859361693 -1 2024-01-11T23:02:15Z
52.143332168866841 21.052191034079225 -1 2024-01-11T23:02:15Z
52.143339482018476 21.052190500840958 -1 2024-01-12T06:20:15Z
52.143339142326312 21.05219566569388 -1 2024-01-12T06:23:21Z
52.143339140445349 21.052195675223338 -1 2024-01-12T07:08:42Z
52.143338629135513 21.052194189702359 -1 2024-01-12T07:08:42Z
52.143338832894891 21.052194796675483 -1 2024-01-12T07:08:42Z
52.14335083336853 21.052187320491786 -1 2024-01-12T08:35:11Z
52.143339768068117 21.052194214071392 -1 2024-01-12T08:35:11Z
52.143362903630148 21.052178714880288 -1 2024-01-12T09:34:00Z
52.143341694088996 21.052193262675775 -1 2024-01-12T09:34:00Z
52.143342004850453 21.052193196284868 -1 2024-01-12T09:34:00Z
52.143359115813041 21.052169882335811 -1 2024-01-12T13:15:24Z
52.143343328381384 21.052191392954526 -1 2024-01-12T13:15:24Z
52.143367474451416 21.052144974240498 -1 2024-01-12T14:05:47Z
52.143368592192971 21.052142930661276 -1 2024-01-12T15:01:16Z
52.143348817602245 21.052182529129908 -1 2024-01-12T15:01:16Z
52.143366430613419 21.052146882700921 -1 2024-01-12T15:16:44Z
52.143351403685351 21.052177858186859 -1 2024-01-12T15:16:44Z
52.143366335968416 21.052148419886681 -1 2024-01-12T15:27:33Z
52.143352576683228 21.052175545677436 -1 2024-01-12T15:27:33Z
52.14335390787403 21.052173433972673 -1 2024-01-12T15:27:33Z
52.143353225360471 21.052174813437869 -1 2024-01-12T18:34:07Z
52.143354541567895 21.052172869269807 -1 2024-01-12T18:34:07Z
52.143342722880931 21.052189876730296 -1 2024-01-12T18:54:53Z
52.143353585099291 21.052174245658534 -1 2024-01-12T18:54:53Z
52.143354902431895 21.052172727302981 -1 2024-01-12T18:54:53Z
52.143339142762933 21.052193932680911 -1 2024-01-12T19:21:23Z
52.143353525222921 21.052174580403413 -1 2024-01-12T19:21:23Z
52.143354926379324 21.052172526310596 -1 2024-01-12T19:21:23Z
52.143339128026788 21.052194081748787 -1 2024-01-12T19:41:22Z
52.143353502611703 21.052174468914941 -1 2024-01-12T19:41:22Z
52.143354907808472 21.05217239408513 -1 2024-01-12T19:41:22Z
52.143341252426829 21.052191611950327 -1 2024-01-12T20:22:59Z
52.143353966326707 21.052172842168698 -1 2024-01-12T20:22:59Z
52.143341408854404 21.052191242760617 -1 2024-01-12T21:09:18Z
52.14335289233864 21.05217441589491 -1 2024-01-12T21:09:18Z
52.143351948607183 21.052174010643832 -1 2024-01-12T21:09:18Z
52.143341372596048 21.052191328335098 -1 2024-01-12T21:39:03Z
