50.01164829743864 19.978473053129754 -1 2024-01-12T21:26:13Z
50.011727499999985 19.979136700000002 -1 2024-01-13T01:11:13Z
50.011704293178617 19.978942244000542 -1 2024-01-13T01:11:13Z
50.011620446018384 19.978308171450223 -1 2024-01-13T12:36:37Z
50.011623647295593 19.978319617138812 -1 2024-01-13T12:36:44Z
50.011679706880486 19.97876378537832 -1 2024-01-13T12:36:44Z
50.01168587933126 19.978409213436727 -1 2024-01-13T16:16:07Z
50.011715305162369 19.978923538369774 -1 2024-01-13T16:16:07Z
50.011643434887411 19.978438903266809 -1 2024-01-13T18:59:31Z
50.011702868439571 19.978932237691911 -1 2024-01-13T18:59:31Z
50.011716466850295 19.978941890918691 -1 2024-01-13T19:11:01Z
50.011800257685813 19.978239516809221 -1 2024-01-13T19:11:37Z
50.011760476290149 19.978730076599895 -1 2024-01-13T19:11:37Z
50.011748819514288 19.978873815817249 -1 2024-01-13T19:11:37Z
50.011562467153269 19.978292754651719 -1 2024-01-13T19:17:43Z
50.011679144211577 19.978889414206623 -1 2024-01-13T19:17:43Z
50.01166991280995 19.978537766771613 -1 2024-01-13T19:33:27Z
50.011710626645261 19.97896120588133 -1 2024-01-13T19:33:27Z
