50.011646512328056 19.978301225803204 -1 2023-11-02T20:50:20Z
50.0271483 19.976454400000001 -1 2023-11-03T11:34:34Z
50.063336199999995 20.004020599999997 -1 2023-11-03T11:47:06Z
50.087712799999991 19.979458400000002 -1 2023-11-03T12:00:51Z
50.08763140516848 19.979200874397986 -1 2023-11-03T12:01:12Z
50.087675857544262 19.979341517207299 -1 2023-11-03T12:01:12Z
50.087546473558731 19.979163820843183 -1 2023-11-03T13:42:13Z
50.087639506966937 19.979291593077694 -1 2023-11-03T13:42:13Z
50.087144024142269 19.978595272736044 -1 2023-11-03T14:11:23Z
50.086538491590439 19.978482725250029 -1 2023-11-03T15:01:37Z
50.086482091646872 19.978377801627246 -1 2023-11-03T15:02:13Z
50.08645010389607 19.978418758952227 -1 2023-11-03T15:12:58Z
50.058209712878551 20.000212740782782 -1 2023-11-03T15:54:59Z
50.042848099999986 19.965386599999995 -1 2023-11-03T16:06:32Z
50.023622499999988 19.980163000000001 -1 2023-11-03T16:14:11Z
50.010038399999985 19.963696299999999 -1 2023-11-03T17:20:29Z
50.010038399999985 19.963696299999999 -1 2023-11-03T17:22:49Z
50.011915599999988 19.976971799999998 -1 2023-11-03T20:13:15Z
50.011870536821014 19.977095426675817 -1 2023-11-03T20:15:09Z
50.011894723639649 19.977029072443163 -1 2023-11-03T20:15:09Z
50.011839532684043 19.977181380037802 -1 2023-11-03T21:29:14Z
50.011877091530728 19.977077730950356 -1 2023-11-03T21:29:14Z
