51.114616412371063 16.991966962819774 -1 2024-02-03T22:34:37Z
51.114571190727247 16.991980119333757 -1 2024-02-03T22:34:37Z
51.114584472433506 16.991975818668159 -1 2024-02-03T22:34:37Z
51.114587974051062 16.991965787608791 -1 2024-02-03T23:12:35Z
51.1145650649988 16.991983512816955 -1 2024-02-03T23:50:43Z
51.114463692854251 16.992035958253204 -1 2024-02-04T00:11:29Z
51.114584997528986 16.991976463566655 -1 2024-02-04T00:11:29Z
51.114409421102565 16.992036701840213 -1 2024-02-04T00:31:20Z
51.114355825366715 16.992035949455975 -1 2024-02-04T00:37:47Z
51.114526272217212 16.991993167514174 -1 2024-02-04T00:37:47Z
51.114515634937916 16.991995183941466 -1 2024-02-04T00:37:47Z
51.109729714057899 16.880195778461669 -1 2024-02-04T03:18:56Z
51.109683901685855 16.880208436851373 -1 2024-02-04T03:24:33Z
51.109625427949858 16.880158934884946 -1 2024-02-04T03:39:43Z
51.109679148540849 16.880187485927362 -1 2024-02-04T03:39:43Z
51.10918462747734 16.879663488726145 -1 2024-02-04T04:52:52Z
51.109487183575624 16.879984077180151 -1 2024-02-04T04:52:52Z
52.312091964770254 4.7670404605775856 -1 2024-02-04T07:38:50Z
52.308893876792538 4.7692747560734752 -1 2024-02-04T10:23:45Z
52.301106652714239 4.7572161589187214 -1 2024-02-04T11:01:56Z
55.629365531550235 12.649413007874605 -1 2024-02-04T13:08:54Z
55.629290044095796 12.649458951225474 -1 2024-02-04T13:47:58Z
55.629218443472368 12.649559442824632 -1 2024-02-04T13:52:51Z
55.62928212679212 12.649470063198676 -1 2024-02-04T13:52:51Z
55.6292489344399 12.649476093415869 -1 2024-02-04T13:55:23Z
55.629277864582171 12.649470837535805 -1 2024-02-04T13:55:23Z
55.629282308725806 12.649449597038089 -1 2024-02-04T13:55:59Z
55.629278341038543 12.649468560344408 -1 2024-02-04T13:55:59Z
55.629297543536772 12.649471494526717 -1 2024-02-04T13:58:38Z
55.629390055505638 12.649453857991219 -1 2024-02-04T14:02:44Z
55.629308873514702 12.649469334577645 -1 2024-02-04T14:02:44Z
55.629362444729757 12.649345632200644 -1 2024-02-04T14:07:38Z
55.629310257781952 12.649378313540499 -1 2024-02-04T14:12:37Z
55.629181789011376 12.649446838167835 -1 2024-02-04T14:16:55Z
55.628937567384014 12.649564181660654 -1 2024-02-04T14:17:19Z
55.629002024464391 12.649602619227243 -1 2024-02-04T14:18:07Z
55.628988228277926 12.649616018925522 -1 2024-02-04T14:20:02Z
55.629168612861378 12.649497716854995 -1 2024-02-04T14:20:02Z
55.629178894618114 12.649492086381139 -1 2024-02-04T14:20:02Z
