52.143377886385807 21.052074015964163 -1 2024-02-03T21:57:05Z
52.143338800000002 21.052197400000001 -1 2024-02-04T00:20:39Z
52.143348464625333 21.05216113008672 -1 2024-02-04T00:20:39Z
52.143349469477585 21.052161850477138 -1 2024-02-04T00:20:39Z
52.143358865554362 21.052140517142327 -1 2024-02-04T00:57:34Z
52.14335382876412 21.05215479570451 -1 2024-02-04T01:28:25Z
52.143377177149915 21.052082516216288 -1 2024-02-04T01:28:25Z
52.143380564592377 21.052074970051269 -1 2024-02-04T01:28:25Z
52.143354038727999 21.05215420227109 -1 2024-02-04T06:47:48Z
52.143432802100207 21.051927239202328 -1 2024-02-04T07:03:46Z
52.143440897054532 21.051908290304588 -1 2024-02-04T07:31:32Z
52.143455441906021 21.051867268781159 -1 2024-02-04T07:43:33Z
52.143400914658024 21.052018141683131 -1 2024-02-04T07:43:33Z
52.143405675786092 21.052004401365974 -1 2024-02-04T07:43:33Z
52.14347311690242 21.051966036511889 -1 2024-02-04T09:23:10Z
52.143409393040642 21.052002286755194 -1 2024-02-04T09:23:10Z
52.143415886877925 21.051984338257554 -1 2024-02-04T09:23:10Z
52.143490083652296 21.051952147093079 -1 2024-02-04T11:26:26Z
52.143419796206032 21.051982642151234 -1 2024-02-04T11:26:26Z
52.143546286923183 21.051960249182354 -1 2024-02-04T12:27:38Z
52.143529552260439 21.052103907662492 -1 2024-02-04T12:57:09Z
52.143507999999997 21.052372999999992 -1 2024-02-04T13:31:18Z
52.143433765964737 21.052035739754405 -1 2024-02-04T13:48:45Z
52.143443261399433 21.052022456657234 -1 2024-02-04T13:48:45Z
52.14350799999999 21.052373000000003 -1 2024-02-04T13:55:14Z
52.143445542373669 21.052034807449406 -1 2024-02-04T13:55:14Z
52.143457826128952 21.052018736651092 -1 2024-02-04T13:55:14Z
52.14350799999999 21.052372999999999 -1 2024-02-04T14:02:49Z
52.143459814713374 21.052032777318558 -1 2024-02-04T14:02:49Z
52.143507999999997 21.052372999999999 -1 2024-02-04T14:06:04Z
52.143507999999997 21.052372999999999 -1 2024-02-04T14:10:48Z
52.143507999999997 21.052372999999992 -1 2024-02-04T14:19:38Z
52.143507999999997 21.052372999999992 -1 2024-02-04T14:21:32Z
52.143507999999997 21.052372999999992 -1 2024-02-04T14:27:12Z
52.14351166668844 21.052241334637106 -1 2024-02-04T14:27:12Z
52.143515304458575 21.052290077482834 -1 2024-02-04T14:27:12Z
52.143507999999997 21.052372999999996 -1 2024-02-04T14:42:26Z
52.143514700683021 21.052296931759546 -1 2024-02-04T14:42:26Z
52.143510543687917 21.052341241009366 -1 2024-02-04T14:42:26Z
52.14350799999999 21.052372999999992 -1 2024-02-04T14:57:15Z
52.143510327781826 21.052343936690015 -1 2024-02-04T14:57:15Z
52.14350799999999 21.052372999999996 -1 2024-02-04T14:57:15Z
52.143507999999997 21.052372999999992 -1 2024-02-04T15:30:59Z
52.143507999999997 21.052372999999996 -1 2024-02-04T15:34:37Z
52.14350799999999 21.052372999999996 -1 2024-02-04T15:34:37Z
52.143507999999983 21.052372999999992 -1 2024-02-04T15:34:37Z
52.143507999999997 21.052372999999996 -1 2024-02-04T15:47:45Z
52.143508000000004 21.052372999999996 -1 2024-02-04T15:55:33Z
52.14350799999999 21.052372999999996 -1 2024-02-04T15:55:33Z
52.143507999999997 21.052372999999996 -1 2024-02-04T15:56:49Z
52.143507999999997 21.052372999999989 -1 2024-02-04T16:01:21Z
