52.143423006936118 21.052162187624372 -1 2024-01-07T22:27:14Z
52.143435699999998 21.0521815 -1 2024-01-07T23:06:52Z
52.143435699999991 21.052181500000007 -1 2024-01-07T23:27:01Z
52.143435699999998 21.052181500000007 -1 2024-01-07T23:34:06Z
52.143431377647779 21.052174923580544 -1 2024-01-07T23:34:06Z
52.143430922689745 21.05217423136617 -1 2024-01-07T23:34:06Z
52.143435699999998 21.052181500000003 -1 2024-01-08T06:32:33Z
52.143435699999991 21.052181500000007 -1 2024-01-08T06:57:25Z
52.143435699999991 21.052181500000007 -1 2024-01-08T07:30:42Z
52.143431289893634 21.05217479006344 -1 2024-01-08T07:30:42Z
52.143430891748622 21.052174184289537 -1 2024-01-08T07:30:42Z
52.143419574445666 21.052184145993632 -1 2024-01-08T15:43:29Z
52.143415589858442 21.052184799812231 -1 2024-01-08T16:04:52Z
52.143403768860594 21.052173383501572 -1 2024-01-08T16:42:41Z
52.143426398336061 21.052176501342124 -1 2024-01-08T16:42:41Z
52.143426811690247 21.05217783095523 -1 2024-01-08T16:42:41Z
52.143383442163959 21.052177241736782 -1 2024-01-08T17:59:20Z
52.14335926174985 21.052181171529003 -1 2024-01-08T18:39:04Z
52.143344797860514 21.052185193406991 -1 2024-01-08T18:55:18Z
52.14334478040832 21.052185228924991 -1 2024-01-08T19:33:28Z
52.143344141869605 21.05218649403302 -1 2024-01-08T19:59:34Z
52.143338799999988 21.052197400000001 -1 2024-01-08T20:41:44Z
52.143383329979422 21.05218379398335 -1 2024-01-08T20:41:44Z
52.143379221600711 21.052183973943951 -1 2024-01-08T20:41:44Z
52.143338799999995 21.052197400000001 -1 2024-01-08T22:10:23Z
52.143375141808107 21.052185329050353 -1 2024-01-08T22:10:23Z
