50.011695307288001 19.978628183523604 -1 2024-01-25T21:45:14Z
50.011682288586712 19.978491873753622 -1 2024-01-25T22:55:46Z
50.011682637450733 19.978491500332257 -1 2024-01-25T23:11:36Z
50.011692009689575 19.97859314575793 -1 2024-01-25T23:11:36Z
50.011682991145371 19.978491403424385 -1 2024-01-26T02:02:54Z
50.011691014749637 19.978581921332822 -1 2024-01-26T02:02:54Z
50.011652714600814 19.978533769009459 -1 2024-01-26T08:13:28Z
50.011690157815842 19.978584085391624 -1 2024-01-26T08:13:28Z
50.011689649265591 19.978581210484794 -1 2024-01-26T14:40:44Z
50.011691253371303 19.978579243881956 -1 2024-01-26T22:08:46Z
50.011694767685142 19.978512377494294 -1 2024-01-26T22:09:34Z
50.011691411685433 19.978576231675834 -1 2024-01-26T22:09:34Z
50.011692141595098 19.978583076287439 -1 2024-01-26T22:09:34Z
