25.254400962074534 55.332621774520078 -1 2024-01-08T19:33:40Z
25.254309544824807 55.332506038768301 -1 2024-01-09T02:25:15Z
25.254304164926719 55.332484085885888 -1 2024-01-09T03:09:02Z
25.254291866179777 55.332444626989201 -1 2024-01-09T03:27:42Z
25.254279995349901 55.332449011014212 -1 2024-01-09T04:03:14Z
25.254295436782726 55.332465589792385 -1 2024-01-09T04:23:08Z
25.254358405656856 55.332543397127395 -1 2024-01-09T04:23:08Z
25.254356483536583 55.332538494469063 -1 2024-01-09T04:23:08Z
25.254315272103455 55.33252783842741 -1 2024-01-09T11:36:57Z
25.254351905273708 55.332537310667099 -1 2024-01-09T11:36:57Z
25.254349321906094 55.332532098795063 -1 2024-01-09T11:36:57Z
25.254265016716662 55.332521630136554 -1 2024-01-09T12:21:03Z
25.254340368983389 55.332530987058654 -1 2024-01-09T12:21:03Z
25.254317186676786 55.332552445709659 -1 2024-01-09T14:54:19Z
25.254331852903913 55.332527075282712 -1 2024-01-09T14:54:19Z
25.254324488241341 55.332521498565164 -1 2024-01-09T14:54:19Z
25.254317225049245 55.332552413113739 -1 2024-01-09T15:55:59Z
25.254317883954435 55.332553145255176 -1 2024-01-09T17:45:30Z
25.254315188537969 55.332553000755937 -1 2024-01-09T17:53:15Z
25.25431952973863 55.332600150077688 -1 2024-01-09T18:41:45Z
25.254342677219149 55.332619209131501 -1 2024-01-09T18:48:06Z
25.254307270715078 55.332529568779911 -1 2024-01-09T18:48:06Z
25.25437063452355 55.332609356449652 -1 2024-01-09T20:00:11Z
25.254314079235499 55.33254114910045 -1 2024-01-09T20:00:11Z
25.254315700962536 55.332548195982611 -1 2024-01-09T20:00:11Z
25.254369759835903 55.332625844962116 -1 2024-01-09T22:33:02Z
