52.020509574696923 15.112141695909292 -1 2024-01-11T15:23:23Z
52.020508881089512 15.112141123342385 -1 2024-01-12T10:36:30Z
52.020509504440483 15.112141637913208 -1 2024-01-12T10:36:30Z
52.020509593148468 15.112140973473474 -1 2024-01-12T10:36:30Z
52.020506445925278 15.112153957280482 -1 2024-01-12T12:34:43Z
52.0205093389214 15.112142022282487 -1 2024-01-12T12:34:43Z
52.020509436857417 15.112140679669164 -1 2024-01-12T12:34:43Z
52.020506424265193 15.112153933934906 -1 2024-01-12T15:28:05Z
52.020509199525655 15.112141723839381 -1 2024-01-12T15:28:05Z
52.020509283281704 15.112140396996072 -1 2024-01-12T15:28:05Z
