50.011646481771429 19.978498115851199 -1 2024-01-29T22:55:58Z
50.011714333064141 19.978443652393395 -1 2024-01-29T22:55:58Z
50.011715084813197 19.978443183491109 -1 2024-01-29T22:55:58Z
50.011713920996101 19.978444131447905 -1 2024-01-29T22:55:58Z
50.011717617384292 19.978431229876467 -1 2024-01-30T09:31:17Z
50.011718940268729 19.978443235211437 -1 2024-01-30T09:53:21Z
50.011718516416821 19.978432523038215 -1 2024-01-30T10:03:22Z
50.011712863538776 19.978443012562163 -1 2024-01-30T10:03:22Z
50.011694002763164 19.978532740097737 -1 2024-01-30T11:23:27Z
50.011717146051801 19.978446654102935 -1 2024-01-30T11:23:27Z
50.011704738688536 19.978509485558746 -1 2024-01-30T14:12:03Z
50.01171840027218 19.978443543437276 -1 2024-01-30T14:12:03Z
50.01173197543055 19.978435614617798 -1 2024-01-30T15:19:06Z
50.011719466093865 19.978442920924806 -1 2024-01-30T15:19:06Z
50.011719513067433 19.978442939911702 -1 2024-01-30T15:19:06Z
50.011677816244948 19.978455445833724 -1 2024-01-30T16:57:11Z
50.011716568752036 19.978438076230841 -1 2024-01-30T16:57:11Z
50.011724001075244 19.978435530701706 -1 2024-01-30T17:38:05Z
50.011652640172613 19.978570614924404 -1 2024-01-30T18:03:21Z
50.011713965692088 19.978449984095782 -1 2024-01-30T18:03:21Z
50.011692384607656 19.978453234675687 -1 2024-01-30T18:24:21Z
50.011709617024032 19.978467085106303 -1 2024-01-30T18:24:33Z
50.011717282475317 19.97844058733277 -1 2024-01-30T18:24:33Z
50.011719856777432 19.97843927966651 -1 2024-01-30T18:24:33Z
50.011654369603818 19.978537985730398 -1 2024-01-30T18:55:21Z
50.011714144502655 19.978446610412433 -1 2024-01-30T18:55:21Z
50.011725757846655 19.978442183115355 -1 2024-01-30T19:06:26Z
50.011715153999901 19.978446225566941 -1 2024-01-30T19:06:26Z
50.011714891985847 19.978446522695801 -1 2024-01-30T19:06:26Z
50.011722338501272 19.978443296158325 -1 2024-01-30T20:09:29Z
50.011719972017175 19.978463762117698 -1 2024-01-30T20:21:24Z
50.011722804761206 19.978460312693464 -1 2024-01-30T20:32:33Z
50.011722258265223 19.978446424734589 -1 2024-01-30T20:41:29Z
50.011716623462043 19.978449514048958 -1 2024-01-30T20:41:29Z
50.01172491732121 19.978439466076804 -1 2024-01-30T21:03:23Z
50.011716922125849 19.978450148310408 -1 2024-01-30T21:03:23Z
50.011716424835292 19.978452096066729 -1 2024-01-30T21:03:23Z
