50.01169959200918 19.978456390356413 -1 2024-01-26T22:09:34Z
50.011697321007794 19.978450164613754 -1 2024-01-26T22:49:52Z
50.011699436181388 19.978455963168717 -1 2024-01-26T22:49:52Z
50.011711947698629 19.978432620517225 -1 2024-01-26T23:22:29Z
50.011699283501414 19.978456944646517 -1 2024-01-26T23:22:29Z
50.011715985029291 19.978442590011717 -1 2024-01-26T23:54:40Z
50.011699072060459 19.97845794070853 -1 2024-01-26T23:54:40Z
50.011697906975854 19.978459547108912 -1 2024-01-26T23:54:40Z
50.011724307304128 19.978451612085092 -1 2024-01-27T00:28:32Z
50.011699693660773 19.978459010093623 -1 2024-01-27T00:28:32Z
50.011725962000853 19.97844393250185 -1 2024-01-27T01:18:46Z
50.01170054171596 19.978459209273392 -1 2024-01-27T01:18:46Z
50.011737773104066 19.978444836774184 -1 2024-01-27T01:36:46Z
50.01170279297898 19.978459140429266 -1 2024-01-27T01:36:46Z
50.011686890842327 19.978448583595636 -1 2024-01-27T02:08:57Z
50.011699869013988 19.978456930320565 -1 2024-01-27T02:08:57Z
50.011740503766589 19.978452290788113 -1 2024-01-27T02:57:30Z
50.011739410789708 19.978460382158911 -1 2024-01-27T03:14:33Z
50.011704474449786 19.97845678356224 -1 2024-01-27T03:14:33Z
50.011739900622771 19.978461435352649 -1 2024-01-27T03:24:16Z
50.011739851995458 19.978456423061793 -1 2024-01-27T03:40:17Z
50.011695305563471 19.978552983214289 -1 2024-01-27T04:18:54Z
50.011724277012213 19.978567673627229 -1 2024-01-27T04:34:35Z
50.011722387435249 19.978458846982267 -1 2024-01-27T04:34:35Z
50.01173926725086 19.978462039814151 -1 2024-01-27T04:45:44Z
50.011725681155042 19.978462003338805 -1 2024-01-27T04:45:44Z
50.011738935902585 19.97846490311073 -1 2024-01-27T05:19:55Z
50.011726628479046 19.978462884133624 -1 2024-01-27T05:19:55Z
50.011726674877437 19.978464203497829 -1 2024-01-27T05:19:55Z
50.011738937290431 19.978463348418078 -1 2024-01-27T05:53:08Z
50.011727460538694 19.978464148712295 -1 2024-01-27T05:53:08Z
50.011731580571208 19.978499017737736 -1 2024-01-27T06:26:55Z
50.011726998101061 19.978467452179306 -1 2024-01-27T06:26:55Z
50.011736515847218 19.97847294493009 -1 2024-01-27T07:15:36Z
50.011737516716316 19.978472471741881 -1 2024-01-27T07:15:36Z
50.011742858441501 19.97842890292867 -1 2024-01-27T07:29:37Z
50.011737674110051 19.978470863467052 -1 2024-01-27T07:29:37Z
50.011744786045959 19.978408203757631 -1 2024-01-27T08:04:40Z
50.011738075138872 19.978466952418881 -1 2024-01-27T08:04:40Z
50.011745329293774 19.978403215952394 -1 2024-01-27T08:40:06Z
50.011738511439276 19.978462289683158 -1 2024-01-27T08:40:06Z
50.011738395974668 19.978462794986147 -1 2024-01-27T08:40:06Z
50.011738330160391 19.978393456440273 -1 2024-01-27T09:13:36Z
50.01173839071599 19.978457253110921 -1 2024-01-27T09:13:36Z
50.011738231236635 19.978457538755453 -1 2024-01-27T09:13:36Z
50.011739718654091 19.978389005569976 -1 2024-01-27T10:09:50Z
50.01173835010858 19.978452061764919 -1 2024-01-27T10:09:50Z
50.011738971575909 19.978386402646318 -1 2024-01-27T10:20:44Z
50.011728842578833 19.978402244863968 -1 2024-01-27T11:04:26Z
50.011732278467775 19.978434074592275 -1 2024-01-27T11:15:27Z
50.011736845086695 19.978439707934911 -1 2024-01-27T11:15:27Z
50.011731744255904 19.978435595438707 -1 2024-01-27T12:39:37Z
50.011730310242143 19.978434438173725 -1 2024-01-27T13:07:31Z
50.011729719884919 19.978440554164898 -1 2024-01-27T13:25:23Z
50.011659621537291 19.978606398292996 -1 2024-01-27T14:19:57Z
50.011721943146725 19.978447214742459 -1 2024-01-27T14:21:21Z
50.011723187056745 19.978448828461769 -1 2024-01-27T14:56:24Z
50.011728907920165 19.978459681856453 -1 2024-01-27T15:28:24Z
50.011720256586045 19.978460690416341 -1 2024-01-27T16:06:18Z
50.011723686164707 19.978447032519298 -1 2024-01-27T16:06:18Z
50.011717763173969 19.978464814360311 -1 2024-01-27T16:38:47Z
50.011719796431748 19.978472070414902 -1 2024-01-27T17:13:13Z
50.011722772061304 19.978474523436848 -1 2024-01-27T17:46:13Z
50.011725977568126 19.978474785841012 -1 2024-01-27T18:50:00Z
50.011731561324055 19.978464188494531 -1 2024-01-27T19:12:45Z
50.011731296952135 19.978459523299922 -1 2024-01-27T19:26:10Z
50.011733770956774 19.978456717355968 -1 2024-01-27T20:17:13Z
50.011736886202392 19.978456873728653 -1 2024-01-27T20:33:51Z
50.011737674385884 19.978456475947691 -1 2024-01-27T21:06:57Z
50.011738860298138 19.978452911886677 -1 2024-01-27T21:39:50Z
50.011738105452885 19.978466533605328 -1 2024-01-27T22:10:42Z
50.011734911210745 19.978502172091961 -1 2024-01-27T22:51:52Z
