50.011709675716418 19.978963426163606 -1 2024-01-17T14:27:04Z
50.01167430000001 19.978463600000001 -1 2024-01-25T09:32:37Z
50.011703145801789 19.978871162162864 -1 2024-01-25T09:32:37Z
50.011702324515085 19.978793663880204 -1 2024-01-25T20:21:52Z
50.011703192443896 19.978566184712648 -1 2024-01-25T20:27:22Z
50.011702499702977 19.978747757554615 -1 2024-01-25T20:27:22Z
50.011692591565563 19.97852854547537 -1 2024-01-25T20:49:49Z
50.011700146066374 19.978695683804439 -1 2024-01-25T20:49:49Z
50.011689815903743 19.978521362700484 -1 2024-01-25T21:04:54Z
50.011698174649375 19.978662415870119 -1 2024-01-25T21:04:54Z
50.011740067137104 19.978605755581217 -1 2024-01-25T21:32:13Z
50.011629460013829 19.978600957911894 -1 2024-01-25T21:32:42Z
50.011630584428545 19.97870837147368 -1 2024-01-25T21:33:43Z
50.011704046010244 19.9785981328302 -1 2024-01-25T21:36:29Z
50.011700068494619 19.978604526648457 -1 2024-01-25T21:37:45Z
50.011791970336596 19.978634707712626 -1 2024-01-25T21:38:59Z
50.011707466305957 19.978666482094177 -1 2024-01-25T21:38:59Z
50.011837039605716 19.978668449378052 -1 2024-01-25T21:41:30Z
50.011686591986404 19.978542859655892 -1 2024-01-25T21:42:44Z
50.0116880280723 19.978509980312708 -1 2024-01-25T21:43:59Z
50.011670880262024 19.978487894262901 -1 2024-01-25T21:45:14Z
50.011695307288001 19.978628183523604 -1 2024-01-25T21:45:14Z
