50.011711473731857 19.978459784918613 -1 2024-01-31T18:30:45Z
50.011715268499536 19.978440476761097 -1 2024-02-01T15:26:28Z
50.011705400712032 19.978443043583887 -1 2024-02-01T15:40:14Z
50.01170617828398 19.978443649555725 -1 2024-02-01T15:54:27Z
50.011709818941611 19.978458529691661 -1 2024-02-01T15:54:27Z
50.011707841096829 19.978441192983439 -1 2024-02-01T16:03:16Z
50.011708512875309 19.978434506220228 -1 2024-02-01T16:31:36Z
50.011707328279606 19.978428990628569 -1 2024-02-01T16:40:00Z
50.011707446200006 19.978423539358602 -1 2024-02-01T16:56:15Z
50.011709713543155 19.97842178122993 -1 2024-02-01T17:13:17Z
50.011714876590197 19.978432579649763 -1 2024-02-01T17:29:43Z
50.011713433801042 19.978434393590135 -1 2024-02-01T17:46:38Z
50.011705907740385 19.9784447672846 -1 2024-02-01T17:46:38Z
50.011717641931661 19.978441278201707 -1 2024-02-01T18:04:33Z
50.011705899523193 19.978444517415852 -1 2024-02-01T18:04:33Z
50.011705659162686 19.978444968255349 -1 2024-02-01T18:04:33Z
50.011721304230917 19.978444991419511 -1 2024-02-01T18:21:39Z
50.011706835021215 19.978444969996325 -1 2024-02-01T18:21:39Z
50.011706099292724 19.978445361981738 -1 2024-02-01T18:21:39Z
50.011719952631303 19.978446441121775 -1 2024-02-01T18:35:40Z
50.011707145804657 19.978445443502352 -1 2024-02-01T18:35:40Z
50.011707289409159 19.978445640992806 -1 2024-02-01T18:35:40Z
50.011708482292669 19.978425096987678 -1 2024-02-01T19:20:23Z
50.01170738308803 19.978444027644709 -1 2024-02-01T19:20:23Z
50.011707481941933 19.978444058666827 -1 2024-02-01T19:20:23Z
50.011710437401312 19.978434154578107 -1 2024-02-01T19:36:30Z
50.011707713909047 19.97844328131815 -1 2024-02-01T19:36:30Z
50.011704738538867 19.978434141198232 -1 2024-02-01T19:50:24Z
50.011704285175973 19.978439158110692 -1 2024-02-01T20:03:03Z
50.011703714724305 19.978446750765993 -1 2024-02-01T20:18:38Z
50.011706866429066 19.978444398287799 -1 2024-02-01T20:18:38Z
50.011706819550696 19.978446084866075 -1 2024-02-01T20:18:38Z
50.011702413015676 19.978445210710433 -1 2024-02-01T20:57:19Z
50.011706474552931 19.978446016426414 -1 2024-02-01T20:57:19Z
50.011706213725368 19.97844796802276 -1 2024-02-01T20:57:19Z
