25.254424183852841 55.332559141629432 -1 2024-01-10T22:23:07Z
25.254426705537238 55.332565796231108 -1 2024-01-10T22:59:52Z
25.25441440764839 55.33256210105278 -1 2024-01-10T23:31:06Z
25.254388020387427 55.332585676406822 -1 2024-01-11T00:08:54Z
25.254398204096816 55.332601998522293 -1 2024-01-11T00:45:46Z
25.25439841288625 55.332602593572425 -1 2024-01-11T01:04:22Z
25.254394633797386 55.332599112006335 -1 2024-01-11T01:35:37Z
25.254395295004723 55.332603619995112 -1 2024-01-11T02:06:39Z
25.254394559654973 55.332607277550395 -1 2024-01-11T02:31:28Z
25.254391051406955 55.332599097926249 -1 2024-01-11T02:56:49Z
25.254400943515211 55.332581767238281 -1 2024-01-11T02:56:49Z
25.254401582473282 55.332584807419295 -1 2024-01-11T02:56:49Z
25.254398539242558 55.332601140339236 -1 2024-01-11T04:48:24Z
25.254401346110495 55.332586075971008 -1 2024-01-11T04:48:24Z
25.254398416437621 55.332605569202805 -1 2024-01-11T05:27:56Z
25.254401792391384 55.33259111646737 -1 2024-01-11T05:27:56Z
25.254326142149612 55.332666022899609 -1 2024-01-11T05:57:38Z
25.254390613742153 55.332602959698939 -1 2024-01-11T05:57:38Z
25.254326411126645 55.332674249161208 -1 2024-01-11T07:29:56Z
25.254380287279762 55.332614205781645 -1 2024-01-11T07:29:56Z
25.254320576653964 55.332722186392822 -1 2024-01-11T08:28:01Z
25.254370791035871 55.332630682356736 -1 2024-01-11T08:28:01Z
25.254321358931051 55.332721944247488 -1 2024-01-11T08:58:03Z
25.254364147742397 55.332643873511515 -1 2024-01-11T08:58:03Z
25.254361577007185 55.332647034432831 -1 2024-01-11T08:58:03Z
25.254337603984023 55.332705917775158 -1 2024-01-11T09:16:10Z
25.254365403131846 55.332650346725664 -1 2024-01-11T09:24:17Z
25.254327839033756 55.33262189170204 -1 2024-01-11T11:46:29Z
25.254348666881658 55.332652334879292 -1 2024-01-11T11:46:29Z
25.254368562967738 55.332589797008531 -1 2024-01-11T12:44:14Z
25.254362755492192 55.332536432003593 -1 2024-01-11T13:02:38Z
25.254347269601613 55.332643872118659 -1 2024-01-11T13:02:38Z
25.254364422605779 55.332537783442064 -1 2024-01-11T14:21:33Z
25.25435815747764 55.33261383789047 -1 2024-01-11T14:44:02Z
25.254344074996482 55.332641691912578 -1 2024-01-11T14:44:02Z
25.254406157117153 55.332587462279079 -1 2024-01-11T15:22:51Z
25.254415411759268 55.332619728288158 -1 2024-01-11T15:48:27Z
25.254404723771561 55.332603162732383 -1 2024-01-11T16:19:14Z
25.254398287949957 55.332625034491841 -1 2024-01-11T16:41:09Z
25.254396652245035 55.332618193621308 -1 2024-01-11T17:12:15Z
25.254372978771645 55.332617304261255 -1 2024-01-11T17:14:44Z
25.25437406321117 55.332609932863583 -1 2024-01-11T17:14:44Z
25.254369252743796 55.33261138059526 -1 2024-01-11T18:14:29Z
25.254355116508545 55.332583215860367 -1 2024-01-11T18:49:48Z
25.254367527895941 55.332587831120883 -1 2024-01-11T18:58:35Z
25.254378311284523 55.332595222288703 -1 2024-01-11T19:35:19Z
25.254381012510638 55.332580727639339 -1 2024-01-11T20:09:45Z
25.254383286113221 55.332585742866165 -1 2024-01-11T20:38:42Z
25.25438912242663 55.332594126888011 -1 2024-01-11T21:12:27Z
25.254390235039075 55.332595163643226 -1 2024-01-11T21:46:42Z
25.25439305359065 55.332601242559356 -1 2024-01-11T22:10:03Z
25.254401533942897 55.33261101642951 -1 2024-01-11T22:52:39Z
