50.011665323336935 19.9784284811942 -1 2024-01-15T20:24:10Z
50.011671975114702 19.978571246223506 -1 2024-01-16T03:23:13Z
50.01165936186117 19.978458371960119 -1 2024-01-16T03:38:41Z
50.011665023504271 19.978427522669701 -1 2024-01-16T03:38:41Z
50.011690607557291 19.97836755257854 -1 2024-01-16T09:10:29Z
50.011720454604266 19.978412979316058 -1 2024-01-16T09:42:21Z
50.011667309061451 19.978416617082342 -1 2024-01-16T09:42:21Z
50.01172473702443 19.978420833239973 -1 2024-01-16T09:59:25Z
50.011669397651424 19.978407119128487 -1 2024-01-16T09:59:25Z
50.011726621237614 19.978422816207214 -1 2024-01-16T10:18:09Z
50.011672322425198 19.978407921426182 -1 2024-01-16T10:18:09Z
50.011673584371522 19.978395305715445 -1 2024-01-16T10:18:09Z
50.011733441372833 19.978424894386201 -1 2024-01-16T10:33:08Z
50.011677432226961 19.978397207795162 -1 2024-01-16T10:33:08Z
50.011681398973835 19.978376545207901 -1 2024-01-16T10:33:08Z
50.011716315937868 19.978431964534206 -1 2024-01-16T10:50:56Z
50.011709849386975 19.978442720492183 -1 2024-01-16T11:07:12Z
50.011710645021289 19.978441859976236 -1 2024-01-16T11:09:08Z
50.011703255028536 19.978420059972979 -1 2024-01-16T11:18:47Z
50.011704035356757 19.978422058045467 -1 2024-01-16T11:41:19Z
50.011706751801512 19.978422770402858 -1 2024-01-16T12:15:43Z
50.01170673542692 19.978419318383111 -1 2024-01-16T12:15:43Z
50.011699188063993 19.978420040245094 -1 2024-01-16T12:32:27Z
50.011696112645581 19.978407589821746 -1 2024-01-16T12:49:18Z
50.011705273183296 19.978445261335263 -1 2024-01-16T13:20:35Z
50.011650690758636 19.978627987904069 -1 2024-01-16T13:21:28Z
50.011650690758636 19.978627987904069 -1 2024-01-16T13:24:26Z
50.011706126627701 19.978444067517966 -1 2024-01-16T13:24:26Z
50.01170506345165 19.978441610536315 -1 2024-01-16T13:24:26Z
50.011703515932723 19.978443244873016 -1 2024-01-16T13:24:26Z
50.011694829975688 19.978414704981812 -1 2024-01-16T13:37:31Z
50.011702867783335 19.978441115214437 -1 2024-01-16T13:37:31Z
50.011700949860007 19.978442592728882 -1 2024-01-16T13:37:31Z
50.011698506584942 19.978411044598641 -1 2024-01-16T13:53:43Z
50.011700767525689 19.978440238382255 -1 2024-01-16T13:53:43Z
50.011698114037337 19.978441484488453 -1 2024-01-16T13:53:43Z
50.011700198911988 19.97840953069473 -1 2024-01-16T14:17:25Z
50.011695759944857 19.978405897339172 -1 2024-01-16T14:36:07Z
50.011700972079431 19.978389801323239 -1 2024-01-16T15:11:48Z
50.011697072431275 19.978439098302069 -1 2024-01-16T15:23:22Z
50.011701394803907 19.978421495334771 -1 2024-01-16T15:23:22Z
50.011701658181209 19.978419753410726 -1 2024-01-16T15:27:46Z
50.011701520181994 19.978419726917682 -1 2024-01-16T15:27:46Z
50.011703463248502 19.978406871874441 -1 2024-01-16T15:37:35Z
50.011701670700056 19.978418731112651 -1 2024-01-16T15:37:35Z
50.011701471150168 19.978418450357736 -1 2024-01-16T15:37:35Z
50.011697159298336 19.978427305832515 -1 2024-01-16T18:59:35Z
50.011680544811838 19.978559326034457 -1 2024-01-16T19:40:23Z
50.011697580640075 19.978423007609376 -1 2024-01-16T19:40:23Z
50.011710994583687 19.978390276790268 -1 2024-01-16T21:09:54Z
50.011698611187242 19.978420493014504 -1 2024-01-16T21:09:54Z
50.011697934540926 19.978420303718451 -1 2024-01-16T21:09:54Z
