52.143338800000002 21.052197400000001 -1 2024-01-10T22:23:57Z
52.143342272989528 21.052188278727954 -1 2024-01-10T22:23:57Z
52.143340325671176 21.05219346733319 -1 2024-01-10T22:23:57Z
52.143338799999981 21.052197400000001 -1 2024-01-11T06:35:04Z
52.143340188291788 21.052193821451024 -1 2024-01-11T06:35:04Z
52.143338799999974 21.052197399999997 -1 2024-01-11T07:32:15Z
52.143338799999981 21.052197400000001 -1 2024-01-11T07:38:13Z
52.143339318359025 21.052196120881383 -1 2024-01-11T07:38:13Z
52.143339360539727 21.052196016794973 -1 2024-01-11T07:38:13Z
52.143337990396553 21.05219365248977 -1 2024-01-11T10:59:59Z
52.143339243309036 21.052195814502884 -1 2024-01-11T10:59:59Z
52.143339138280396 21.052196031567355 -1 2024-01-11T10:59:59Z
52.143302211049331 21.052177632239051 -1 2024-01-11T14:22:14Z
52.143335869310441 21.052194402772091 -1 2024-01-11T14:22:14Z
52.143305599374216 21.05217946283388 -1 2024-01-11T15:49:38Z
52.14330597433198 21.05217762531332 -1 2024-01-11T16:19:30Z
52.14330597433198 21.052177625313316 -1 2024-01-11T16:37:45Z
52.143305535475761 21.052177360939808 -1 2024-01-11T16:54:14Z
52.143336415124701 21.052187594448295 -1 2024-01-11T17:47:33Z
52.143338373426765 21.052191363297634 -1 2024-01-11T18:04:26Z
52.143338555031775 21.052193933302256 -1 2024-01-11T18:31:48Z
52.143338555031775 21.052193933302259 -1 2024-01-11T19:18:31Z
52.143324100234892 21.052186943827341 -1 2024-01-11T19:18:31Z
52.143322804716213 21.052186022305023 -1 2024-01-11T19:18:31Z
52.143338551349949 21.052193881198402 -1 2024-01-11T20:35:52Z
52.143324104495861 21.052186671004055 -1 2024-01-11T20:35:52Z
52.143338800000002 21.052197400000001 -1 2024-01-11T21:47:46Z
52.143338799999974 21.052197400000004 -1 2024-01-11T22:14:15Z
52.143338799999981 21.052197400000001 -1 2024-01-11T22:47:10Z
