50.01170512144823 19.97844527156062 -1 2024-01-22T21:23:38Z
50.011701384533559 19.978485208534764 -1 2024-01-22T23:28:45Z
50.011705883579353 19.978479945050495 -1 2024-01-22T23:35:28Z
50.011711230028489 19.978464980006205 -1 2024-01-23T00:11:56Z
50.011716189964233 19.978467603965079 -1 2024-01-23T00:46:44Z
50.011720902972172 19.978449890993534 -1 2024-01-23T01:20:43Z
50.01172061559398 19.978444770431292 -1 2024-01-23T01:37:39Z
50.011721142442802 19.978436674588167 -1 2024-01-23T02:13:19Z
50.011715226595385 19.97842191766922 -1 2024-01-23T03:03:06Z
50.011721115191449 19.978410118676948 -1 2024-01-23T03:37:54Z
50.0117233159271 19.978411921754088 -1 2024-01-23T03:40:14Z
50.011726164935958 19.978384407120682 -1 2024-01-23T04:16:23Z
50.01172426380699 19.978384363547132 -1 2024-01-23T04:51:09Z
50.011729058294506 19.978358426702833 -1 2024-01-23T05:24:02Z
50.011724055486724 19.978392688096076 -1 2024-01-23T05:42:20Z
50.011721933382383 19.978394979969607 -1 2024-01-23T06:16:39Z
50.011722743316639 19.978396707221297 -1 2024-01-23T06:50:41Z
50.011722947077807 19.978387415420155 -1 2024-01-23T07:23:39Z
50.011718469188665 19.978403543914478 -1 2024-01-23T07:23:39Z
50.011718981026902 19.978399722599143 -1 2024-01-23T07:48:33Z
50.011718804902294 19.97839671154745 -1 2024-01-23T07:48:33Z
50.011727562411707 19.978396090818077 -1 2024-01-23T08:23:17Z
50.011719832313801 19.978394611286166 -1 2024-01-23T08:23:17Z
50.011726144097842 19.978398466230981 -1 2024-01-23T08:39:33Z
50.011720245306563 19.978393668068627 -1 2024-01-23T08:39:33Z
50.011725656265931 19.97839561920269 -1 2024-01-23T09:01:49Z
50.011720427575781 19.978392339579667 -1 2024-01-23T09:01:49Z
50.011726349066272 19.978423837386536 -1 2024-01-23T09:20:21Z
50.01172043377133 19.978395503695772 -1 2024-01-23T09:20:21Z
50.011723349385896 19.978424836881636 -1 2024-01-23T09:41:32Z
50.011720644976634 19.97839762857086 -1 2024-01-23T09:41:32Z
50.011722867133123 19.97845402223783 -1 2024-01-23T10:03:15Z
50.011721204405063 19.978430191991698 -1 2024-01-23T10:17:55Z
50.011719771342477 19.978434864341047 -1 2024-01-23T10:19:27Z
50.011718106631044 19.978437420210724 -1 2024-01-23T10:49:02Z
50.011716449221794 19.978436052307373 -1 2024-01-23T11:01:42Z
50.011718823512076 19.978417269134258 -1 2024-01-23T11:01:42Z
50.011717248444889 19.978433943838812 -1 2024-01-23T11:30:26Z
50.011705905522341 19.97842125832145 -1 2024-01-23T11:46:38Z
50.011710413443346 19.9784261320839 -1 2024-01-23T12:05:28Z
50.011715343683385 19.97842549414651 -1 2024-01-23T12:05:28Z
50.011715351010281 19.978424645637105 -1 2024-01-23T12:25:44Z
50.011723801381585 19.978432128424448 -1 2024-01-23T12:47:14Z
50.01173146524453 19.97844086097794 -1 2024-01-23T13:02:17Z
50.011726390746361 19.978445209336446 -1 2024-01-23T13:18:41Z
50.011731640023875 19.97844940170565 -1 2024-01-23T13:35:03Z
50.01173208957141 19.978455225073095 -1 2024-01-23T13:55:05Z
50.011720591530398 19.978421815790799 -1 2024-01-23T14:10:19Z
50.011726287165246 19.978416666096404 -1 2024-01-23T14:27:33Z
50.011717432048187 19.978411506313677 -1 2024-01-23T14:39:34Z
50.011713235083938 19.978413558126228 -1 2024-01-23T14:52:41Z
50.011712125186648 19.978419175969847 -1 2024-01-23T15:05:41Z
50.011712898834773 19.978420799814096 -1 2024-01-23T15:26:21Z
50.011721290019267 19.978423034481157 -1 2024-01-23T15:38:26Z
50.011721687712203 19.97842387135417 -1 2024-01-23T15:56:05Z
50.011724503575195 19.978415048249971 -1 2024-01-23T16:13:39Z
50.011726677041551 19.978410203908865 -1 2024-01-23T16:31:38Z
50.011716425490981 19.978420756766706 -1 2024-01-23T16:31:38Z
50.011722454464888 19.978413237024476 -1 2024-01-23T16:51:00Z
50.011721416804114 19.978416549067376 -1 2024-01-23T17:07:48Z
50.011721990071528 19.978413297020115 -1 2024-01-23T17:25:24Z
50.011716249975926 19.978416678773382 -1 2024-01-23T17:25:24Z
50.011715433876731 19.978416679804116 -1 2024-01-23T17:25:24Z
50.011724244830134 19.978409586681313 -1 2024-01-23T21:06:22Z
50.011719548331882 19.978412237628632 -1 2024-01-23T21:21:33Z
50.011718601565995 19.978416248724834 -1 2024-01-23T21:32:57Z
50.011716685477019 19.978416392468752 -1 2024-01-23T21:32:57Z
50.01171705971187 19.978416164043992 -1 2024-01-23T21:32:57Z
50.011715209230282 19.97842759245907 -1 2024-01-23T22:24:45Z
50.011702183549822 19.9784239930637 -1 2024-01-23T22:34:37Z
