50.011690466629041 19.978584478562588 -1 2024-01-31T09:49:06Z
50.011718000000002 19.9786103 -1 2024-02-04T13:55:00Z
50.01169124889384 19.978585212188289 -1 2024-02-04T13:55:00Z
50.011691946118383 19.978581587995649 -1 2024-02-04T13:59:50Z
50.011687692353142 19.978515175684116 -1 2024-02-04T13:59:50Z
50.011684943335496 19.978486628191078 -1 2024-02-04T14:08:48Z
50.011703313518822 19.97846561098272 -1 2024-02-04T14:15:43Z
50.01168870922789 19.978513968776017 -1 2024-02-04T14:15:43Z
50.011687858425894 19.978509450849042 -1 2024-02-04T14:15:43Z
50.011649813212188 19.978319284428004 -1 2024-02-04T14:31:27Z
50.011658111160621 19.978315012358713 -1 2024-02-04T14:39:48Z
50.011681331072907 19.978475677782875 -1 2024-02-04T14:39:48Z
50.011678982400085 19.978463825380434 -1 2024-02-04T14:48:06Z
50.011677634797458 19.978456668202902 -1 2024-02-04T14:48:06Z
50.011700476127672 19.978416819785199 -1 2024-02-04T14:56:37Z
50.011678688654058 19.978454829672213 -1 2024-02-04T14:56:37Z
50.011678392302933 19.97844850035932 -1 2024-02-04T14:56:37Z
50.011649239246879 19.978285464229295 -1 2024-02-04T15:04:12Z
50.011676198029484 19.978436229009422 -1 2024-02-04T15:04:12Z
50.011650261607315 19.978269611574639 -1 2024-02-04T15:12:51Z
50.011649376220987 19.978272246453756 -1 2024-02-04T15:20:08Z
50.011669623267963 19.978389804131677 -1 2024-02-04T15:20:08Z
50.011642891471148 19.978279754167882 -1 2024-02-04T15:29:35Z
50.011664913500013 19.978362623558198 -1 2024-02-04T15:29:35Z
50.011642551234182 19.978289805821145 -1 2024-02-04T15:40:14Z
50.011660683325758 19.978345685328147 -1 2024-02-04T15:40:14Z
50.011657873536663 19.978338433775793 -1 2024-02-04T15:40:14Z
50.011648647549556 19.978318268364834 -1 2024-02-04T15:51:53Z
50.011646716957038 19.978309313253312 -1 2024-02-04T15:51:53Z
50.01158948534804 19.978185687036593 -1 2024-02-04T15:56:56Z
50.011639691376274 19.978294137238347 -1 2024-02-04T15:56:56Z
50.011634766690172 19.978280210955557 -1 2024-02-04T16:02:11Z
50.011633602861671 19.978277188676767 -1 2024-02-04T16:02:11Z
