50.011655801028354 19.978333474629018 -1 2023-11-02T12:43:20Z
50.011644421816008 19.978337547421379 -1 2023-11-02T12:44:35Z
50.011644165086281 19.978335849286569 -1 2023-11-02T12:45:50Z
50.011643222021327 19.978336041746765 -1 2023-11-02T12:45:50Z
50.011655800951218 19.97833346991542 -1 2023-11-02T12:48:27Z
50.011655800951218 19.97833346991542 -1 2023-11-02T12:49:35Z
50.011655800951218 19.97833346991542 -1 2023-11-02T12:50:50Z
50.011655800951218 19.97833346991542 -1 2023-11-02T12:52:05Z
50.01166633609779 19.978472332422381 -1 2023-11-02T12:53:27Z
50.01166633609779 19.978472332422381 -1 2023-11-02T12:54:35Z
50.011655800396163 19.978333469912755 -1 2023-11-02T12:55:50Z
50.011655800396163 19.978333469912755 -1 2023-11-02T12:57:05Z
50.01164322197009 19.978336041364521 -1 2023-11-02T12:57:05Z
50.011655800396163 19.978333469912755 -1 2023-11-02T12:59:35Z
50.01164322197009 19.978336041364521 -1 2023-11-02T12:59:35Z
50.011658120230372 19.978341792313916 -1 2023-11-02T13:06:08Z
50.011655797359246 19.978333458559838 -1 2023-11-02T13:21:06Z
50.011643702794821 19.978335268801011 -1 2023-11-02T13:21:06Z
50.011697571763619 19.978402259248899 -1 2023-11-02T13:37:21Z
50.011647764672944 19.978340320070195 -1 2023-11-02T13:37:21Z
50.011648507579039 19.978341594599794 -1 2023-11-02T13:37:21Z
50.011664867803539 19.978343611893074 -1 2023-11-02T13:50:34Z
50.011649202059687 19.978341267342827 -1 2023-11-02T13:50:34Z
50.01169448034387 19.978217747718841 -1 2023-11-02T14:34:48Z
50.011652041777374 19.978332405791281 -1 2023-11-02T14:34:48Z
50.011655821509727 19.978337503674961 -1 2023-11-02T14:47:32Z
50.011654770204132 19.9783365400557 -1 2023-11-02T15:16:43Z
50.011650655726925 19.978329202412283 -1 2023-11-02T15:16:43Z
50.011653986725442 19.978334414983397 -1 2023-11-02T15:31:59Z
50.01165575052994 19.978332516094252 -1 2023-11-02T15:47:13Z
50.011653048149853 19.978330232386632 -1 2023-11-02T15:47:13Z
50.011654945299682 19.978330438053497 -1 2023-11-02T15:47:13Z
50.011655787212341 19.978332379882421 -1 2023-11-02T16:46:04Z
50.01165503196097 19.978330637933364 -1 2023-11-02T16:46:04Z
50.010020299999994 19.9630826 -1 2023-11-02T17:15:05Z
50.020700999999988 19.976990699999998 -1 2023-11-02T17:37:54Z
50.045716800000001 19.983548599999992 -1 2023-11-02T17:51:48Z
50.055884900000002 19.999309400000001 -1 2023-11-02T18:00:16Z
50.058389234021547 19.999523720205001 -1 2023-11-02T18:22:45Z
50.0499565 19.983702900000001 -1 2023-11-02T18:35:58Z
50.02314181491046 19.981254813145991 -1 2023-11-02T18:51:55Z
50.011497799999972 19.978038099999996 -1 2023-11-02T19:01:52Z
