52.020510038367178 15.112148513169183 -1 2024-01-10T17:31:41Z
52.020509785994221 15.112136498851532 -1 2024-01-11T08:44:02Z
52.020510009760855 15.112147151350554 -1 2024-01-11T08:44:02Z
52.020509626542314 15.112147275995385 -1 2024-01-11T08:44:02Z
52.020510070725223 15.112135280611437 -1 2024-01-11T13:35:53Z
52.020509677205851 15.112145907802571 -1 2024-01-11T13:35:53Z
52.020509951783062 15.1121358647795 -1 2024-01-11T14:46:53Z
52.020509392458933 15.112144670743724 -1 2024-01-11T14:46:53Z
52.020509576893168 15.112137705999325 -1 2024-01-11T15:23:23Z
52.020509482110477 15.112142110854023 -1 2024-01-11T15:23:23Z
52.020509574696923 15.112141695909292 -1 2024-01-11T15:23:23Z
