52.143337576007106 21.052194258730577 -1 2024-01-29T22:25:03Z
52.143337412344394 21.052193915584152 -1 2024-01-29T22:25:03Z
52.143338799999988 21.052197400000001 -1 2024-01-29T22:41:47Z
52.143337515880503 21.052194175564225 -1 2024-01-29T22:41:47Z
52.143337345806856 21.052193823796689 -1 2024-01-29T22:41:47Z
52.14334203670883 21.052181395666256 -1 2024-01-29T23:46:54Z
52.143337693144609 21.052192903556222 -1 2024-01-29T23:46:54Z
52.143337569387342 21.052192446293656 -1 2024-01-29T23:46:54Z
52.143347084859371 21.052170112905742 -1 2024-01-30T05:10:00Z
52.143338219878871 21.052190165532664 -1 2024-01-30T05:10:00Z
52.143356973223447 21.052158014432663 -1 2024-01-30T06:27:05Z
52.143339585068418 21.052187825026476 -1 2024-01-30T06:27:05Z
52.143339660174725 21.052186909002693 -1 2024-01-30T06:27:05Z
52.14338206183286 21.052097406183229 -1 2024-01-30T13:47:26Z
52.143388524089545 21.052087283984271 -1 2024-01-30T13:58:34Z
52.14339770562264 21.052074369135727 -1 2024-01-30T14:25:36Z
52.143400054460741 21.052069463316993 -1 2024-01-30T14:32:14Z
52.143386348652555 21.052112908171836 -1 2024-01-30T14:56:18Z
52.143359037575379 21.052148965055476 -1 2024-01-30T14:56:18Z
52.143380875934049 21.052122632962458 -1 2024-01-30T15:30:01Z
52.143363097169818 21.052142086510457 -1 2024-01-30T15:30:01Z
52.143364990049271 21.05216557048626 -1 2024-01-30T15:44:16Z
52.143353369465522 21.052178281001968 -1 2024-01-30T16:16:27Z
52.14336783369059 21.05213863893756 -1 2024-01-30T16:16:27Z
52.143368581297239 21.052137892435336 -1 2024-01-30T16:18:55Z
52.14337129057256 21.052133452270542 -1 2024-01-30T16:18:55Z
52.143341512885804 21.052194966069013 -1 2024-01-30T16:34:03Z
52.143368487838956 21.052139242074823 -1 2024-01-30T16:34:03Z
52.143370620956659 21.052136165346003 -1 2024-01-30T16:34:03Z
52.143341551523235 21.052194931404497 -1 2024-01-30T16:59:19Z
52.14336787629783 21.052141713887245 -1 2024-01-30T16:59:19Z
52.143368924460887 21.052140146839712 -1 2024-01-30T16:59:19Z
52.143341268888818 21.05219518497681 -1 2024-01-30T17:24:21Z
52.143364717304884 21.052149990322217 -1 2024-01-30T17:24:21Z
52.143341268888818 21.05219518497681 -1 2024-01-30T17:44:01Z
52.143362393030522 21.052154470149851 -1 2024-01-30T17:44:01Z
52.143360276170455 21.052159912849586 -1 2024-01-30T17:44:01Z
52.143341380216988 21.052195085096045 -1 2024-01-30T18:07:00Z
52.143358502371328 21.052163214537423 -1 2024-01-30T18:07:00Z
52.143355534136411 21.052169941365502 -1 2024-01-30T18:07:00Z
52.143339089772411 21.052197132874337 -1 2024-01-30T18:32:18Z
52.143354041501823 21.05217240950639 -1 2024-01-30T18:32:18Z
52.14335076110536 21.05217974882115 -1 2024-01-30T18:32:18Z
52.143338799999981 21.052197400000001 -1 2024-01-30T19:08:47Z
52.143338799999981 21.052197400000001 -1 2024-01-30T19:22:11Z
52.143338799999988 21.052197400000001 -1 2024-01-30T19:38:59Z
52.143338799999988 21.052197400000001 -1 2024-01-30T19:54:49Z
52.143338799999981 21.052197400000001 -1 2024-01-30T20:09:10Z
52.143340534187026 21.052195763037723 -1 2024-01-30T20:09:10Z
52.143338799999981 21.052197400000001 -1 2024-01-30T20:22:48Z
52.143338799999981 21.052197400000001 -1 2024-01-30T20:54:21Z
52.143338800000002 21.052197400000001 -1 2024-01-30T21:00:23Z
52.143339452848657 21.052196813702412 -1 2024-01-30T21:00:23Z
52.143338800000002 21.052197400000001 -1 2024-01-30T21:23:43Z
52.143338800000002 21.052197400000001 -1 2024-01-30T22:04:22Z
52.143339034619139 21.052197188927313 -1 2024-01-30T22:04:22Z
52.143338799999988 21.052197400000001 -1 2024-01-30T22:25:54Z
52.143338799999988 21.052197400000001 -1 2024-01-30T22:46:40Z
