52.143338800000002 21.052197400000001 -1 2024-01-28T22:42:17Z
52.143343066615117 21.052185587493273 -1 2024-01-28T22:42:17Z
52.143338800000002 21.052197400000001 -1 2024-01-28T23:21:31Z
52.143342578308648 21.05218693941384 -1 2024-01-28T23:21:31Z
52.143342433180933 21.05218734121302 -1 2024-01-28T23:21:31Z
52.143581199999993 21.051528500000003 -1 2024-01-29T05:32:17Z
52.143588233444895 21.051560169301819 -1 2024-01-29T05:57:14Z
52.143338800000002 21.052197400000001 -1 2024-01-29T06:35:57Z
52.143338800000002 21.052197400000001 -1 2024-01-29T06:54:28Z
52.143338799999988 21.052197400000001 -1 2024-01-29T07:20:04Z
52.143374536487002 21.052102318745895 -1 2024-01-29T07:20:04Z
52.143377266297371 21.05209511798223 -1 2024-01-29T07:20:04Z
52.143359045585271 21.052141533220951 -1 2024-01-29T09:00:58Z
52.143375881616983 21.052098645304557 -1 2024-01-29T09:00:58Z
52.143378756752647 21.052091049703435 -1 2024-01-29T09:00:58Z
52.143435507653258 21.051920983443463 -1 2024-01-29T10:26:26Z
52.143384205266678 21.052074722111875 -1 2024-01-29T10:26:26Z
52.143387991361948 21.052064530980115 -1 2024-01-29T10:26:26Z
52.143401783497104 21.052030349796603 -1 2024-01-29T11:12:26Z
52.14340697092743 21.052030106128587 -1 2024-01-29T11:13:10Z
52.143401083150167 21.052031224708568 -1 2024-01-29T11:13:10Z
52.143391495723293 21.052087518004917 -1 2024-01-29T12:58:57Z
52.14338830343322 21.05209417463454 -1 2024-01-29T13:16:31Z
52.143404969733801 21.052026168395468 -1 2024-01-29T13:16:31Z
52.143388278315648 21.052151558122482 -1 2024-01-29T13:28:49Z
52.143410018701744 21.052019655465298 -1 2024-01-29T13:28:49Z
52.14339712675595 21.052056644802434 -1 2024-01-29T13:28:49Z
52.14337335193629 21.052165387491232 -1 2024-01-29T14:35:21Z
52.143338800000002 21.052197400000001 -1 2024-01-29T14:49:57Z
52.143377752322451 21.052109898523423 -1 2024-01-29T14:49:57Z
52.143338800000002 21.052197400000001 -1 2024-01-29T15:11:09Z
52.143338799999981 21.052197400000001 -1 2024-01-29T15:32:39Z
52.143378011096495 21.05210931721918 -1 2024-01-29T15:32:39Z
52.143338799999988 21.052197400000001 -1 2024-01-29T15:58:57Z
52.143338799999981 21.052197400000001 -1 2024-01-29T16:19:36Z
52.143338799999981 21.052197400000001 -1 2024-01-29T16:41:25Z
52.143367103906115 21.052140273718209 -1 2024-01-29T16:41:25Z
52.143363432796704 21.052151910006991 -1 2024-01-29T16:41:25Z
52.143339171289384 21.052197922030306 -1 2024-01-29T17:20:09Z
52.143339152710979 21.052197895909178 -1 2024-01-29T17:30:16Z
52.143339155174637 21.052197899373049 -1 2024-01-29T17:44:42Z
52.143339947754306 21.052198555608395 -1 2024-01-29T18:01:29Z
52.143345768259067 21.052191363328348 -1 2024-01-29T18:01:29Z
52.143339327572605 21.052197931182789 -1 2024-01-29T18:34:26Z
52.143339335533639 21.052197939198305 -1 2024-01-29T18:47:10Z
52.143339088077596 21.052197728140744 -1 2024-01-29T18:47:10Z
52.143338977730259 21.0521976498875 -1 2024-01-29T19:18:08Z
52.143338799999981 21.052197400000001 -1 2024-01-29T19:38:05Z
52.143338799999981 21.052197400000001 -1 2024-01-29T20:01:03Z
52.143336987710178 21.052192965038358 -1 2024-01-29T20:03:23Z
52.143337001306456 21.052192998310616 -1 2024-01-29T20:22:22Z
52.143337093448103 21.052193223795879 -1 2024-01-29T20:43:58Z
52.143337103069548 21.052193247341076 -1 2024-01-29T21:02:58Z
52.143338467461028 21.052196249239181 -1 2024-01-29T21:02:58Z
52.143338404813335 21.052196098695457 -1 2024-01-29T21:02:58Z
52.143337127768184 21.052193307782563 -1 2024-01-29T21:32:15Z
52.143338294459483 21.052195857523095 -1 2024-01-29T21:32:15Z
52.14333496978157 21.052188026846743 -1 2024-01-29T22:04:16Z
52.143334853820669 21.052187743072054 -1 2024-01-29T22:25:03Z
52.143337576007106 21.052194258730577 -1 2024-01-29T22:25:03Z
