52.143340821814768 21.052192185641488 -1 2024-01-16T22:20:23Z
52.143343033939779 21.052186442689386 -1 2024-01-16T22:59:06Z
52.143341004336364 21.052191711792723 -1 2024-01-16T22:59:06Z
52.143341119726763 21.052191405605377 -1 2024-01-16T22:59:06Z
52.143338799999981 21.052197400000001 -1 2024-01-17T00:23:13Z
52.143340923000018 21.052191913966091 -1 2024-01-17T00:23:13Z
52.143341035489655 21.052191614619638 -1 2024-01-17T00:23:13Z
52.143339930530871 21.052191854420176 -1 2024-01-17T02:47:46Z
52.143340944518428 21.052191634362412 -1 2024-01-17T02:47:46Z
52.143341148832491 21.052191085054488 -1 2024-01-17T02:47:46Z
52.143344408236793 21.052187332586374 -1 2024-01-17T06:33:27Z
52.143341408721085 21.052190785851465 -1 2024-01-17T06:33:27Z
52.143349216193357 21.0521824470421 -1 2024-01-17T06:58:30Z
52.143357360234667 21.052174292996273 -1 2024-01-17T07:16:26Z
52.143343652058476 21.052187760798493 -1 2024-01-17T07:16:26Z
52.143344116845029 21.052186837443568 -1 2024-01-17T07:16:26Z
52.143359887327982 21.052171219872889 -1 2024-01-17T14:20:40Z
52.14334524211462 21.052185723085142 -1 2024-01-17T14:20:40Z
52.143345455951398 21.052185639771633 -1 2024-01-17T14:20:40Z
52.143366768374754 21.052149190832026 -1 2024-01-17T17:13:52Z
52.143346810212122 21.052183323689015 -1 2024-01-17T17:13:52Z
52.14336351576646 21.052106176052355 -1 2024-01-17T17:25:37Z
52.143364940934077 21.052087181967675 -1 2024-01-17T17:42:10Z
52.143364871931958 21.052010816410871 -1 2024-01-17T18:01:19Z
52.143318185940792 21.051894027605353 -1 2024-01-17T18:14:21Z
52.143273284983202 21.051844417289409 -1 2024-01-17T18:34:51Z
52.143262790816642 21.051845937456697 -1 2024-01-17T18:49:30Z
52.143251562439843 21.051840191580432 -1 2024-01-17T19:08:20Z
52.143252464519598 21.051831064032864 -1 2024-01-17T19:18:31Z
52.143240811794158 21.051819344433738 -1 2024-01-17T19:38:23Z
52.143233464056522 21.051802927113219 -1 2024-01-17T19:57:05Z
52.143319774960233 21.051999616899611 -1 2024-01-17T19:57:05Z
52.14323587937907 21.051802985281089 -1 2024-01-17T20:13:49Z
52.143237068006052 21.051780177188274 -1 2024-01-17T20:30:18Z
52.143240475026452 21.051792589951773 -1 2024-01-17T20:43:30Z
52.143244645104282 21.051819771487988 -1 2024-01-17T20:57:41Z
52.143244212580008 21.051816319068333 -1 2024-01-17T21:16:56Z
52.143253520405594 21.051825773649973 -1 2024-01-17T21:16:56Z
52.143250707332733 21.051789002471821 -1 2024-01-17T21:56:59Z
52.143251582564332 21.051793797855623 -1 2024-01-17T22:10:06Z
52.1432456828692 21.051813114292585 -1 2024-01-17T22:10:06Z
52.143258498876442 21.051818525250187 -1 2024-01-17T22:40:07Z
