52.143347685946011 21.052171253417722 -1 2024-01-16T22:15:38Z
52.143354455414958 21.052183262334871 -1 2024-01-16T22:59:12Z
52.143348264277471 21.052172279367202 -1 2024-01-16T22:59:12Z
52.143348848922606 21.052191518999525 -1 2024-01-16T23:24:31Z
52.143348231842303 21.052191880137773 -1 2024-01-16T23:40:01Z
52.143347743241407 21.052192166085117 -1 2024-01-17T00:08:44Z
52.143350812249352 21.052171476202545 -1 2024-01-17T00:08:44Z
52.143348066264217 21.052191977040199 -1 2024-01-17T00:25:21Z
52.14334804378683 21.052191990194803 -1 2024-01-17T00:36:18Z
52.143350387024221 21.052177111215673 -1 2024-01-17T00:36:18Z
52.14334808859504 21.052191963971378 -1 2024-01-17T00:55:41Z
52.143350112665644 21.052180007041983 -1 2024-01-17T00:55:41Z
52.143349537043854 21.052182679880634 -1 2024-01-17T00:55:41Z
52.143347750335586 21.052182472999128 -1 2024-01-17T02:47:31Z
52.143349384958256 21.052182662270763 -1 2024-01-17T02:47:31Z
52.143349881892931 21.052182643273962 -1 2024-01-17T02:47:31Z
52.143349343758942 21.052181055299382 -1 2024-01-17T06:17:47Z
52.143353132597881 21.052176391115704 -1 2024-01-17T06:17:53Z
52.143354953200543 21.052174178457989 -1 2024-01-17T06:48:52Z
52.14336264247796 21.052165552624746 -1 2024-01-17T06:59:27Z
52.143366736410826 21.052153699498938 -1 2024-01-17T07:25:46Z
52.143351281054528 21.05218339953608 -1 2024-01-17T07:25:46Z
52.143385529256683 21.052140984553173 -1 2024-01-17T08:39:17Z
52.143507375499418 21.052058665382628 -1 2024-01-17T09:07:21Z
52.143576715438066 21.052031779935504 -1 2024-01-17T09:12:23Z
52.143603040559796 21.052020890156161 -1 2024-01-17T10:07:14Z
52.143415762600618 21.052147260952349 -1 2024-01-17T10:14:28Z
52.143421114596919 21.052145094106589 -1 2024-01-17T10:58:42Z
52.143427008156017 21.052137682719369 -1 2024-01-17T11:39:32Z
52.14343733650211 21.052130414594874 -1 2024-01-17T12:06:50Z
52.143414180896137 21.052137383351134 -1 2024-01-17T12:06:50Z
52.143422023942087 21.052132371905952 -1 2024-01-17T12:06:50Z
52.143441373184814 21.052128158258757 -1 2024-01-17T13:19:38Z
52.143423917454264 21.052131959559627 -1 2024-01-17T13:19:38Z
52.143432575039171 21.052126659504015 -1 2024-01-17T13:19:38Z
52.143697364905236 21.051929253890087 -1 2024-01-17T15:33:56Z
52.143446444442318 21.052116319678628 -1 2024-01-17T15:33:56Z
52.143697248407982 21.051928976791814 -1 2024-01-17T16:15:54Z
52.143469975784448 21.052100260838515 -1 2024-01-17T16:15:54Z
52.143697166241616 21.051926204274817 -1 2024-01-17T16:18:36Z
52.143492842978034 21.052085209284684 -1 2024-01-17T16:18:36Z
52.143689687052067 21.05192682233746 -1 2024-01-17T17:04:31Z
52.143670010987478 21.051913674866775 -1 2024-01-17T17:19:02Z
52.143524660293735 21.052061687772522 -1 2024-01-17T17:19:02Z
52.143630767025932 21.051895112091561 -1 2024-01-17T18:02:46Z
52.143530983660561 21.051885592752438 -1 2024-01-17T18:04:36Z
52.143481845983295 21.051890214775888 -1 2024-01-17T18:29:54Z
52.143534860292185 21.052026049221148 -1 2024-01-17T18:29:54Z
52.143551345655546 21.052008795775894 -1 2024-01-17T18:29:54Z
52.143404619246773 21.051877185379382 -1 2024-01-17T19:22:55Z
52.143308212943055 21.051826978449487 -1 2024-01-17T19:38:37Z
52.143262739775821 21.051798991671763 -1 2024-01-17T19:57:12Z
52.143548338612881 21.051934244049043 -1 2024-01-17T19:57:12Z
52.143249755633235 21.051788089530358 -1 2024-01-17T20:13:11Z
52.143251310218808 21.051783410043008 -1 2024-01-17T20:29:56Z
52.143249441710459 21.051749728475276 -1 2024-01-17T20:43:26Z
52.143249426349762 21.051763458143604 -1 2024-01-17T20:57:27Z
52.143251894630389 21.051775335936156 -1 2024-01-17T21:16:52Z
52.143247267465526 21.05175021597794 -1 2024-01-17T21:43:25Z
52.143249150567577 21.051746036317173 -1 2024-01-17T21:57:38Z
52.143244207431749 21.051762974213812 -1 2024-01-17T22:09:52Z
52.14329780663293 21.051799638346779 -1 2024-01-17T22:09:52Z
52.143275007829757 21.051788417789151 -1 2024-01-17T22:09:52Z
