52.143338799999988 21.052197400000004 -1 2024-01-11T22:45:17Z
52.143339234481203 21.052195198815355 -1 2024-01-11T23:02:22Z
52.143339806025118 21.052187880444659 -1 2024-01-11T23:02:22Z
52.143341380110201 21.052188401097201 -1 2024-01-11T23:02:22Z
52.143339237766703 21.052195182170294 -1 2024-01-12T06:44:28Z
52.143341195751617 21.052188984640011 -1 2024-01-12T06:44:28Z
52.143339247462521 21.052195133048908 -1 2024-01-12T07:15:19Z
52.143341084321413 21.052190926576621 -1 2024-01-12T07:15:19Z
52.143345358994281 21.052190677965942 -1 2024-01-12T08:34:46Z
52.143341537197486 21.052191494009392 -1 2024-01-12T08:34:46Z
52.143341811789774 21.052191631274287 -1 2024-01-12T08:34:46Z
52.143351924016002 21.052183878576848 -1 2024-01-12T14:03:58Z
52.143353888039655 21.052156893366565 -1 2024-01-12T14:05:53Z
52.143351285809715 21.052165129762379 -1 2024-01-12T15:02:34Z
52.143345777292446 21.052183556616026 -1 2024-01-12T15:06:04Z
52.143345237440556 21.052183804125224 -1 2024-01-12T15:06:04Z
52.143351384415702 21.05215579336322 -1 2024-01-12T15:10:09Z
52.143345708622611 21.05218165702691 -1 2024-01-12T15:10:09Z
52.143345153202006 21.052181731659928 -1 2024-01-12T15:10:09Z
52.143345669967239 21.05217962615777 -1 2024-01-12T15:19:45Z
52.143351020652709 21.052156996038658 -1 2024-01-12T15:23:22Z
52.143346703325825 21.052176270536471 -1 2024-01-12T15:23:22Z
52.143337978213509 21.052170272355831 -1 2024-01-12T15:26:41Z
52.143346663152286 21.052174058182882 -1 2024-01-12T15:26:41Z
52.143337342961331 21.052181548177082 -1 2024-01-12T15:27:51Z
52.14334650726844 21.052172810873916 -1 2024-01-12T15:27:51Z
52.14334723343255 21.052170575921309 -1 2024-01-12T15:27:51Z
52.143346627212644 21.052171125315365 -1 2024-01-12T18:32:16Z
52.143346752812818 21.052169188882299 -1 2024-01-12T18:32:16Z
52.143341253957004 21.052188765446822 -1 2024-01-12T18:58:17Z
52.143346272277505 21.052170899644462 -1 2024-01-12T18:58:17Z
52.143345732634664 21.052169660382258 -1 2024-01-12T18:58:17Z
52.143338799999988 21.052197400000001 -1 2024-01-12T19:20:25Z
52.143345070388101 21.052172310237321 -1 2024-01-12T19:20:25Z
52.143344356471097 21.052173558456577 -1 2024-01-12T19:20:25Z
52.143338799999974 21.052197399999997 -1 2024-01-12T19:41:37Z
52.143343801309996 21.052175940526741 -1 2024-01-12T19:41:37Z
52.143343163855207 21.05217686127925 -1 2024-01-12T19:41:37Z
52.143342735606176 21.052178876857358 -1 2024-01-12T20:14:02Z
52.143342024763641 21.052180769683293 -1 2024-01-12T20:14:02Z
52.143338799999974 21.052197400000004 -1 2024-01-12T21:15:19Z
52.143341726690203 21.052182306868104 -1 2024-01-12T21:15:19Z
52.143340945862626 21.052184450485054 -1 2024-01-12T21:15:19Z
