52.14333975455385 21.052192104210079 -1 2024-02-03T16:07:05Z
52.143341039399232 21.05219435595345 -1 2024-02-04T00:54:21Z
52.143339876535528 21.052192317987895 -1 2024-02-04T00:54:21Z
52.143339837798926 21.052192390637501 -1 2024-02-04T00:54:21Z
52.143339950277401 21.052192574605279 -1 2024-02-04T01:22:03Z
52.143339880304822 21.052193138896648 -1 2024-02-04T01:22:03Z
52.143363755948755 21.052216627016335 -1 2024-02-04T09:23:16Z
52.143368615788205 21.052221311758263 -1 2024-02-04T09:29:58Z
52.143343994693595 21.05219775729821 -1 2024-02-04T09:29:58Z
52.143344291421997 21.052198923372227 -1 2024-02-04T09:29:58Z
52.143386935535581 21.05223897146535 -1 2024-02-04T12:07:57Z
52.143478629780184 21.052342518734598 -1 2024-02-04T12:29:44Z
52.14350799999999 21.052372999999992 -1 2024-02-04T13:02:26Z
52.143358607202671 21.052213346145706 -1 2024-02-04T13:02:26Z
52.143373264056521 21.052228059637009 -1 2024-02-04T13:48:46Z
52.143377441329854 21.052232428640419 -1 2024-02-04T13:48:46Z
52.143508000000004 21.052372999999996 -1 2024-02-04T13:54:20Z
52.143382631501503 21.052238016832902 -1 2024-02-04T13:54:20Z
52.143388544807401 21.052244224272666 -1 2024-02-04T13:54:20Z
52.143507999999997 21.052372999999989 -1 2024-02-04T14:02:45Z
52.143393733147654 21.052249817417529 -1 2024-02-04T14:02:45Z
52.143508000000004 21.052372999999996 -1 2024-02-04T14:06:37Z
52.143507999999997 21.052372999999999 -1 2024-02-04T14:11:16Z
52.14350799999999 21.052372999999992 -1 2024-02-04T14:17:30Z
52.143507999999997 21.052372999999999 -1 2024-02-04T14:22:23Z
52.143463189098959 21.05232400811721 -1 2024-02-04T14:22:23Z
52.143507999999997 21.052372999999999 -1 2024-02-04T14:33:36Z
52.143507999999997 21.052372999999999 -1 2024-02-04T14:35:52Z
52.143505136107493 21.052370027767211 -1 2024-02-04T14:35:52Z
52.14350799999999 21.052372999999992 -1 2024-02-04T14:35:52Z
52.14350799999999 21.052372999999992 -1 2024-02-04T14:43:34Z
52.143507999999997 21.052372999999996 -1 2024-02-04T14:43:34Z
52.14350799999999 21.052372999999989 -1 2024-02-04T14:58:40Z
52.14350799999999 21.052372999999996 -1 2024-02-04T14:58:40Z
52.143507999999997 21.052372999999992 -1 2024-02-04T15:23:30Z
52.143508000000004 21.052372999999999 -1 2024-02-04T15:30:49Z
52.143508000000004 21.052372999999996 -1 2024-02-04T15:35:15Z
52.143507999999997 21.052372999999999 -1 2024-02-04T15:35:15Z
52.143508000000004 21.052372999999999 -1 2024-02-04T15:45:46Z
52.14350799999999 21.052372999999999 -1 2024-02-04T15:50:40Z
52.14350799999999 21.052372999999999 -1 2024-02-04T15:51:39Z
52.143507999999997 21.052372999999996 -1 2024-02-04T15:51:39Z
52.143507999999997 21.052372999999999 -1 2024-02-04T15:55:35Z
52.143507999999997 21.052372999999992 -1 2024-02-04T15:57:27Z
52.14350799999999 21.052372999999996 -1 2024-02-04T16:00:45Z
