52.020586913618907 15.112071116115217 -1 2024-01-09T13:32:34Z
52.02059853107226 15.112057277403981 -1 2024-01-10T03:55:02Z
52.020587839300532 15.112070013443539 -1 2024-01-10T03:55:02Z
52.020586691560155 15.112071205509038 -1 2024-01-10T03:55:02Z
52.020630855816528 15.112019919053798 -1 2024-01-10T05:47:02Z
52.020590131654117 15.112067210648982 -1 2024-01-10T05:47:02Z
52.020589629731631 15.112067666729542 -1 2024-01-10T05:47:02Z
52.020630845876916 15.112019765838422 -1 2024-01-10T10:58:06Z
52.020592850026468 15.112063924146971 -1 2024-01-10T10:58:06Z
52.020592719781753 15.112063944995542 -1 2024-01-10T10:58:06Z
52.020614968605578 15.112036958950553 -1 2024-01-10T14:22:55Z
52.020594595396403 15.112061670026213 -1 2024-01-10T14:22:55Z
52.020594631348345 15.112061530339531 -1 2024-01-10T14:22:55Z
52.02060237412401 15.112050597198628 -1 2024-01-10T17:24:51Z
52.020595324224409 15.112060551968154 -1 2024-01-10T17:24:51Z
52.020596006063776 15.112059669970218 -1 2024-01-10T17:24:51Z
52.020610019867483 15.112044942315116 -1 2024-01-10T19:11:50Z
52.020597247560438 15.112058365233208 -1 2024-01-10T19:11:50Z
52.020606888872813 15.112051702084759 -1 2024-01-10T19:49:24Z
52.020637322951714 15.112020803621464 -1 2024-01-10T20:25:23Z
52.020604697899437 15.112050788973031 -1 2024-01-10T20:25:23Z
52.02060514017824 15.112050187903622 -1 2024-01-10T20:25:23Z
