50.011497799999972 19.978038099999996 -1 2023-11-02T19:01:52Z
50.01184828676503 19.977780245596001 -1 2023-11-03T00:14:36Z
50.01170303371299 19.977887109309542 -1 2023-11-03T00:14:36Z
50.011655655293573 19.978317051948476 -1 2023-11-03T06:44:46Z
50.011684050362796 19.978059378432089 -1 2023-11-03T06:44:46Z
50.011655801489091 19.978333462323942 -1 2023-11-03T06:47:05Z
50.011684108955158 19.978065953729782 -1 2023-11-03T06:47:05Z
50.011655801489091 19.978333462323942 -1 2023-11-03T06:50:50Z
50.011701223594002 19.978481214378764 -1 2023-11-03T06:52:05Z
50.011655801597222 19.978333469901642 -1 2023-11-03T06:53:20Z
50.011684108998487 19.978065956766013 -1 2023-11-03T06:54:35Z
50.011655801597222 19.978333469901642 -1 2023-11-03T06:55:50Z
50.011655801597222 19.978333469901642 -1 2023-11-03T06:57:05Z
50.011768936140548 19.978462059015932 -1 2023-11-03T06:58:20Z
50.011768936140548 19.978462059015932 -1 2023-11-03T06:59:35Z
50.011655803906578 19.978333469568685 -1 2023-11-03T07:04:50Z
50.011684109923806 19.978065956632598 -1 2023-11-03T07:04:50Z
50.011701982125317 19.977876218311444 -1 2023-11-03T07:12:55Z
50.011683374186752 19.978082655101986 -1 2023-11-03T07:12:55Z
50.011382900000001 19.975030700000008 -1 2023-11-03T07:22:18Z
50.010611165324342 19.973990527977509 -1 2023-11-03T07:23:20Z
50.007660999999985 19.963281999999996 -1 2023-11-03T07:34:23Z
50.007993199999987 19.9610865 -1 2023-11-03T07:35:55Z
50.00787250706194 19.960307535144143 -1 2023-11-03T07:59:02Z
50.007894723339561 19.960450918496882 -1 2023-11-03T07:59:02Z
50.007947631895789 19.960455111223325 -1 2023-11-03T08:30:22Z
50.007900275388351 19.960427148957667 -1 2023-11-03T08:44:15Z
50.007967009631514 19.960614125116731 -1 2023-11-03T09:04:34Z
50.007902442728351 19.960547983325572 -1 2023-11-03T09:10:47Z
50.007918095834526 19.960477341332698 -1 2023-11-03T09:10:47Z
50.011393766470505 19.975013770698457 -1 2023-11-03T09:47:20Z
50.011403364916781 19.975355728160416 -1 2023-11-03T09:48:35Z
50.011738350733289 19.977906350755124 -1 2023-11-03T10:16:47Z
50.011691706398651 19.978412862490583 -1 2023-11-03T10:37:32Z
50.011676508921035 19.978221353384793 -1 2023-11-03T10:48:16Z
50.011655800281645 19.97833346827926 -1 2023-11-03T11:08:09Z
50.011642549943289 19.978334042110756 -1 2023-11-03T11:19:19Z
50.01168163640758 19.97819635380208 -1 2023-11-03T11:19:19Z
50.041244800000001 19.962162200000009 -1 2023-11-03T11:37:15Z
50.087017099999997 19.973927 -1 2023-11-03T12:08:02Z
50.087099628016873 19.974577732029456 -1 2023-11-03T12:09:22Z
50.087080026105852 19.9744231684823 -1 2023-11-03T12:09:22Z
50.081519827653239 19.972414735752594 -1 2023-11-03T13:07:11Z
50.08211894528857 19.972986489288346 -1 2023-11-03T13:21:24Z
50.084784807384665 19.97497246779383 -1 2023-11-03T13:22:47Z
50.088377176567448 19.977169195157309 -1 2023-11-03T13:50:47Z
50.089712815499006 19.97803991236891 -1 2023-11-03T14:04:02Z
50.088227729415159 19.977597441671019 -1 2023-11-03T14:27:21Z
50.088024986984387 19.977115664711643 -1 2023-11-03T14:31:43Z
50.088401894938634 19.977317670859041 -1 2023-11-03T14:54:24Z
50.088241273458387 19.977468055981252 -1 2023-11-03T15:02:28Z
50.085425899999997 19.976495799999995 -1 2023-11-03T15:28:44Z
50.058381802219145 19.999496862643017 -1 2023-11-03T15:51:22Z
50.042857399999988 19.9655852 -1 2023-11-03T16:06:31Z
50.011684490349126 19.978524015604226 -1 2023-11-03T16:27:16Z
50.011655801017881 19.978333471630201 -1 2023-11-03T16:29:28Z
50.011670145722626 19.978428743588857 -1 2023-11-03T16:29:28Z
50.01166968324938 19.978552342601738 -1 2023-11-03T16:35:15Z
50.011655800512287 19.978333472700985 -1 2023-11-03T16:36:40Z
50.011655800512287 19.978333472700985 -1 2023-11-03T16:37:45Z
50.011644693153066 19.978324621127719 -1 2023-11-03T16:37:45Z
50.011679127006438 19.978606760123981 -1 2023-11-03T16:41:40Z
50.011679127006438 19.978606760123981 -1 2023-11-03T16:42:45Z
50.011666127039625 19.978530729719473 -1 2023-11-03T16:42:45Z
50.01166737637017 19.978493154637277 -1 2023-11-03T16:57:43Z
50.011706934884806 19.978398756194093 -1 2023-11-03T17:03:17Z
50.011664592572295 19.978388749086324 -1 2023-11-03T17:03:17Z
50.011663469233348 19.978346619577945 -1 2023-11-03T17:03:17Z
50.009719399999994 19.963465300000003 -1 2023-11-03T17:21:44Z
50.011355342654674 19.976930240700444 -1 2023-11-03T20:04:27Z
50.01159732107066 19.978176138044589 -1 2023-11-03T20:04:39Z
50.011414089719686 19.977991810027387 -1 2023-11-03T20:06:08Z
50.011455317121644 19.978055086596058 -1 2023-11-03T20:28:08Z
50.011655802359094 19.978333468466172 -1 2023-11-03T21:06:45Z
50.011655802359094 19.978333468466172 -1 2023-11-03T21:07:44Z
50.011688420889406 19.978481602065067 -1 2023-11-03T21:08:10Z
50.011531423667606 19.978162071537966 -1 2023-11-03T21:08:10Z
50.011531423561969 19.978162071693571 -1 2023-11-03T21:10:45Z
50.011655799213173 19.978333461553877 -1 2023-11-03T21:12:00Z
50.011655799213173 19.978333461553877 -1 2023-11-03T21:13:15Z
50.011655799213173 19.978333461553877 -1 2023-11-03T21:14:30Z
50.011655799213173 19.978333461553877 -1 2023-11-03T21:15:45Z
50.011680384952435 19.978413127208761 -1 2023-11-03T21:17:00Z
50.011675933577536 19.978398703403293 -1 2023-11-03T21:18:15Z
50.011675933577536 19.978398703403293 -1 2023-11-03T21:19:30Z
50.011675933577536 19.978398703403293 -1 2023-11-03T21:20:45Z
50.011675933577536 19.978398703403293 -1 2023-11-03T21:22:00Z
50.011710309598492 19.978496721043353 -1 2023-11-03T21:23:15Z
50.011540843201743 19.978173721720189 -1 2023-11-03T21:23:15Z
50.011683807548806 19.978357378130429 -1 2023-11-03T21:24:07Z
50.01170231812003 19.978454870829371 -1 2023-11-03T21:44:11Z
50.011566764533342 19.97821239978828 -1 2023-11-03T21:44:11Z
50.011655800526995 19.978333469509082 -1 2023-11-03T21:54:56Z
50.011666446798898 19.978394110973383 -1 2023-11-03T22:00:27Z
