52.143338917508977 21.052113421865464 -1 2024-01-26T22:49:24Z
52.143339367024055 21.052103883037987 -1 2024-01-26T22:49:24Z
52.143272170429135 21.051786371411701 -1 2024-01-26T23:07:13Z
52.143336800828571 21.05209175737787 -1 2024-01-26T23:07:13Z
52.14333700875784 21.052078798016868 -1 2024-01-26T23:07:13Z
52.143284022533081 21.051861560753384 -1 2024-01-27T00:39:24Z
52.143300769566096 21.051995135537179 -1 2024-01-27T01:03:03Z
52.143331794095744 21.052046304661108 -1 2024-01-27T01:03:03Z
52.14328617730915 21.052002307416874 -1 2024-01-27T01:05:42Z
52.143327825564697 21.052023331744788 -1 2024-01-27T01:05:42Z
52.143324471990773 21.052004774869729 -1 2024-01-27T01:05:42Z
52.143297672411443 21.051990004280064 -1 2024-01-27T07:39:26Z
52.14332216698201 21.052003504463272 -1 2024-01-27T07:39:26Z
52.143320205937336 21.051974579716116 -1 2024-01-27T07:39:26Z
52.143307847769123 21.052049218754238 -1 2024-01-27T09:48:57Z
52.143318890075392 21.051982527080117 -1 2024-01-27T09:48:57Z
52.143313807729243 21.05196017736651 -1 2024-01-27T09:48:57Z
52.143309443262304 21.052053154949583 -1 2024-01-27T10:40:04Z
52.143313330335118 21.0519703475175 -1 2024-01-27T10:40:04Z
52.143307962837127 21.051954818680681 -1 2024-01-27T10:40:04Z
52.143308904501787 21.051969226748543 -1 2024-01-27T11:15:37Z
52.14330281117202 21.051965084148023 -1 2024-01-27T11:15:37Z
52.143310291304985 21.052072153151748 -1 2024-01-27T11:50:33Z
52.143303798659076 21.051979218742222 -1 2024-01-27T11:50:33Z
52.143299427389444 21.051986277668224 -1 2024-01-27T11:50:33Z
52.143317039183138 21.052094994048211 -1 2024-01-27T20:48:22Z
52.143318596131301 21.052099668578453 -1 2024-01-27T20:52:02Z
52.143321355959351 21.052111168075999 -1 2024-01-27T21:23:43Z
52.14332615607681 21.052137641716861 -1 2024-01-27T22:00:57Z
52.143310931529932 21.05206193151059 -1 2024-01-27T22:00:57Z
