50.011677131599939 19.978457059688449 -1 2023-11-11T14:44:11Z
50.011672831885342 19.978433916041123 -1 2023-11-12T08:42:25Z
50.011632433134707 19.978443059104002 -1 2023-11-12T08:55:30Z
50.011671200975833 19.978433388115089 -1 2023-11-12T08:55:30Z
50.011651990125706 19.978348729650719 -1 2023-11-12T08:59:06Z
50.011672711673626 19.978432524049865 -1 2023-11-12T08:59:06Z
50.011689572733552 19.978511254258347 -1 2023-11-12T09:04:07Z
50.011651991159113 19.978348730191424 -1 2023-11-12T09:09:33Z
50.011673807213668 19.978431593647965 -1 2023-11-12T09:09:33Z
50.011703307013924 19.978445207152479 -1 2023-11-12T09:28:30Z
50.011675435186476 19.978434362280524 -1 2023-11-12T09:28:30Z
50.01167618501082 19.978433942929666 -1 2023-11-12T09:28:30Z
50.01166757182046 19.978442501405841 -1 2023-11-12T09:40:27Z
50.011651990975011 19.97834872724237 -1 2023-11-12T09:55:44Z
50.011624653420583 19.978366850305644 -1 2023-11-12T10:11:13Z
50.011719958939608 19.978501976833222 -1 2023-11-12T10:26:35Z
50.011672877130692 19.978436358547093 -1 2023-11-12T10:26:35Z
50.011674597948982 19.978442390372422 -1 2023-11-12T10:46:15Z
50.011676444998855 19.978445152447332 -1 2023-11-12T10:54:59Z
50.011673837620997 19.978439273480507 -1 2023-11-12T10:57:11Z
50.011672471446147 19.978438355607818 -1 2023-11-12T10:57:11Z
50.011678002614381 19.978455423897607 -1 2023-11-12T11:03:37Z
50.011674481012101 19.978442694069482 -1 2023-11-12T11:03:37Z
50.01167492414838 19.978442142650774 -1 2023-11-12T11:03:37Z
50.011726459840254 19.978394774365338 -1 2023-11-12T11:11:22Z
50.011651992328872 19.978348726556607 -1 2023-11-12T11:11:35Z
50.011694774515135 19.978443521969108 -1 2023-11-12T11:19:02Z
50.01165199360495 19.97834872478208 -1 2023-11-12T11:26:32Z
50.011672989107971 19.978434828651704 -1 2023-11-12T11:26:32Z
50.011692050540873 19.978435907291505 -1 2023-11-12T11:36:34Z
50.011686024660982 19.978439588094759 -1 2023-11-12T11:39:55Z
50.011674744578436 19.978439634123035 -1 2023-11-12T11:39:55Z
50.011679449617397 19.978443201753439 -1 2023-11-12T11:51:18Z
50.011681122658828 19.978446445897088 -1 2023-11-12T11:58:47Z
50.011624652944192 19.978366850932204 -1 2023-11-12T12:24:43Z
50.011693020715093 19.978452969208387 -1 2023-11-12T12:40:07Z
50.011690240804278 19.978502748414069 -1 2023-11-12T12:55:29Z
50.011624651567629 19.978366850838768 -1 2023-11-12T13:11:10Z
50.011624651576639 19.978366851234078 -1 2023-11-12T13:26:51Z
50.011624653872587 19.978366849676817 -1 2023-11-12T13:42:12Z
50.011684340700683 19.978444517748621 -1 2023-11-12T13:54:30Z
50.011683222918016 19.978445905405469 -1 2023-11-12T14:03:28Z
50.011676843369159 19.978441226480093 -1 2023-11-12T14:24:25Z
50.011676865481945 19.978437143979537 -1 2023-11-12T14:39:05Z
50.011681320120445 19.978437304382247 -1 2023-11-12T14:54:37Z
50.011684113476029 19.978432314649012 -1 2023-11-12T15:04:34Z
50.01168494705648 19.978430915887046 -1 2023-11-12T15:24:47Z
50.011683483515249 19.978424022154766 -1 2023-11-12T15:42:04Z
50.011680244517002 19.978435241294303 -1 2023-11-12T15:42:04Z
50.011664989669555 19.978398587612531 -1 2023-11-12T16:15:49Z
50.011645570481072 19.978309154356577 -1 2023-11-12T16:27:50Z
50.011624651678382 19.978366851674409 -1 2023-11-12T16:47:23Z
50.011692563413142 19.978405704862769 -1 2023-11-12T16:52:38Z
50.011702292279409 19.978401735474733 -1 2023-11-12T17:15:11Z
50.011707909756836 19.978404338836221 -1 2023-11-12T17:32:51Z
50.011686042294045 19.978406648722292 -1 2023-11-12T17:37:10Z
50.011682473859715 19.978408894988902 -1 2023-11-12T17:50:48Z
50.011700099973346 19.978423866084597 -1 2023-11-12T18:08:18Z
50.011699824723173 19.978398305297507 -1 2023-11-12T18:24:42Z
50.011714248423921 19.978398682826185 -1 2023-11-12T18:46:23Z
50.011685901997971 19.978383650720804 -1 2023-11-12T19:04:05Z
50.011671043718842 19.978397549533256 -1 2023-11-12T19:15:47Z
50.011686003200928 19.978393662116691 -1 2023-11-12T19:15:47Z
50.011676261019744 19.978459784806223 -1 2023-11-12T19:46:07Z
50.01168881133534 19.978410418659035 -1 2023-11-12T19:46:07Z
50.011680780199526 19.978458424164319 -1 2023-11-12T20:16:13Z
50.011672399598275 19.978428364580829 -1 2023-11-12T20:28:34Z
50.011667777631132 19.9784137655923 -1 2023-11-12T20:39:22Z
50.011669292524928 19.978437767350819 -1 2023-11-12T20:54:27Z
50.011669057607726 19.978433000084099 -1 2023-11-12T21:09:49Z
50.011690870349184 19.978390413758142 -1 2023-11-12T21:40:25Z
50.011676972083173 19.978481579850982 -1 2023-11-12T21:55:47Z
50.011737429587477 19.978391526387416 -1 2023-11-12T22:11:31Z
50.011705101701217 19.978424208232411 -1 2023-11-12T22:26:52Z
50.011685199273671 19.978426259976462 -1 2023-11-12T22:26:52Z
50.011662547872795 19.9784198283044 -1 2023-11-12T22:46:01Z
