52.020756255096629 15.111943642990584 -1 2023-11-14T03:16:11Z
52.040281308247295 15.098364136726696 -1 2023-11-15T15:22:29Z
52.053278213025003 15.107652840474925 -1 2023-11-15T16:19:30Z
52.053448348735721 15.107498752141229 -1 2023-11-15T16:41:10Z
52.053494702928241 15.107538853376147 -1 2023-11-15T17:04:38Z
52.053476767875111 15.107545315037651 -1 2023-11-15T17:10:43Z
52.053413972065655 15.107564438795558 -1 2023-11-15T17:10:43Z
52.020671454296625 15.111998699585973 -1 2023-12-14T16:03:53Z
52.020556088507504 15.112121082093866 -1 2023-12-15T12:44:17Z
52.020626132679567 15.112046777822608 -1 2023-12-15T12:44:17Z
52.020521038040471 15.11215676890726 -1 2023-12-15T15:41:51Z
52.020592157911807 15.112082335571071 -1 2023-12-15T15:41:51Z
