52.143373008993997 21.05216423779261 -1 2024-01-15T22:38:52Z
52.143380934605254 21.052145520433701 -1 2024-01-15T22:38:52Z
52.14338691080895 21.052099109909477 -1 2024-01-15T23:07:42Z
52.143373144060995 21.052109193957758 -1 2024-01-15T23:23:01Z
52.143377530989966 21.052151985806059 -1 2024-01-15T23:23:01Z
52.143378826573745 21.052151672876313 -1 2024-01-15T23:23:01Z
52.143444468336455 21.052205148238329 -1 2024-01-16T01:12:04Z
52.143383958622643 21.052155853717004 -1 2024-01-16T01:12:04Z
52.143385874975849 21.052156179468156 -1 2024-01-16T01:12:04Z
52.143432411231025 21.051696985978921 -1 2024-01-16T04:20:46Z
52.143448931270662 21.052108848817532 -1 2024-01-16T05:03:27Z
52.143393819061195 21.052137721088251 -1 2024-01-16T05:03:27Z
52.143395564362812 21.052135978614096 -1 2024-01-16T05:03:27Z
52.143545162599281 21.052081460870639 -1 2024-01-16T08:24:38Z
52.143405152081456 21.052132484594974 -1 2024-01-16T08:24:38Z
52.143588263952651 21.05212436879264 -1 2024-01-16T09:40:46Z
52.143425443510864 21.052123933693153 -1 2024-01-16T09:40:46Z
52.14354043911537 21.052138369700039 -1 2024-01-16T10:01:53Z
52.143440669671378 21.05211921633483 -1 2024-01-16T10:01:53Z
52.143476061757234 21.052044448341693 -1 2024-01-16T10:10:21Z
52.143443247170758 21.052113771213708 -1 2024-01-16T10:10:21Z
52.143445851876734 21.052110331890614 -1 2024-01-16T10:10:21Z
52.14346993812925 21.052051271964547 -1 2024-01-16T10:23:02Z
52.143459339028496 21.052110345564799 -1 2024-01-16T10:43:15Z
52.14345211899316 21.05208964935786 -1 2024-01-16T10:58:10Z
52.143463197598081 21.05209256867305 -1 2024-01-16T10:58:10Z
52.143401517677304 21.052147297266423 -1 2024-01-16T11:17:00Z
52.143381378506497 21.052160456336832 -1 2024-01-16T11:43:22Z
52.143379672685654 21.05216193641073 -1 2024-01-16T12:04:00Z
52.143456561616539 21.052100536133967 -1 2024-01-16T12:04:00Z
52.143362494380995 21.052183533168993 -1 2024-01-16T12:24:14Z
52.143357331794469 21.05218655450755 -1 2024-01-16T12:39:44Z
52.143436775368173 21.052131344836539 -1 2024-01-16T12:39:44Z
52.143421936772093 21.052140097305397 -1 2024-01-16T13:06:56Z
52.143411599707242 21.052141074812553 -1 2024-01-16T13:06:56Z
52.143348936559647 21.052191467711072 -1 2024-01-16T13:21:48Z
52.143405590554288 21.052145907303082 -1 2024-01-16T13:21:48Z
52.143396235231478 21.052146430233993 -1 2024-01-16T13:21:48Z
52.143349240379486 21.052191289904442 -1 2024-01-16T14:12:19Z
52.143391941340852 21.052150529039018 -1 2024-01-16T14:12:19Z
52.143386610999833 21.052157250888932 -1 2024-01-16T14:12:19Z
52.143349621658494 21.052191066765818 -1 2024-01-16T14:38:15Z
52.143378138392812 21.052166804392773 -1 2024-01-16T14:38:15Z
52.143338799999981 21.052197400000001 -1 2024-01-16T14:49:46Z
52.143365959511527 21.052175834640263 -1 2024-01-16T15:10:48Z
52.143359907111012 21.05218188883827 -1 2024-01-16T15:10:48Z
52.143338799999974 21.052197400000004 -1 2024-01-16T15:29:38Z
52.143358043296068 21.052183258516433 -1 2024-01-16T15:29:38Z
52.143354607864403 21.052186100242203 -1 2024-01-16T15:29:38Z
52.143338799999974 21.052197400000004 -1 2024-01-16T15:34:14Z
52.143353232707952 21.052187083230166 -1 2024-01-16T15:34:14Z
52.143350848849394 21.052189338440531 -1 2024-01-16T15:34:14Z
52.143337837495523 21.052192342286357 -1 2024-01-16T19:00:05Z
52.143349726780251 21.052189597485334 -1 2024-01-16T19:00:05Z
52.143347124173737 21.052192001514555 -1 2024-01-16T19:00:05Z
52.143350228315761 21.052160145263414 -1 2024-01-16T20:07:42Z
52.143350634883731 21.052158819906737 -1 2024-01-16T20:27:45Z
52.143351327125146 21.052156563293039 -1 2024-01-16T20:57:43Z
52.143356940550781 21.052148302455787 -1 2024-01-16T21:10:57Z
52.143343563681768 21.052182884806275 -1 2024-01-16T21:15:02Z
52.143369847986939 21.052114935690309 -1 2024-01-16T21:15:52Z
52.143344344830034 21.052180504604824 -1 2024-01-16T21:45:47Z
52.143344434165805 21.052188876586374 -1 2024-01-16T22:15:38Z
52.143346938691586 21.052173452188537 -1 2024-01-16T22:15:38Z
52.143347685946011 21.052171253417722 -1 2024-01-16T22:15:38Z
