52.143338799999981 21.052197400000001 -1 2024-02-01T22:34:38Z
52.143338799999988 21.052197400000001 -1 2024-02-01T22:56:18Z
52.143338279522389 21.052196512186573 -1 2024-02-01T22:56:18Z
52.143338799999981 21.052197400000001 -1 2024-02-01T22:59:22Z
52.143338410245292 21.052196735169357 -1 2024-02-01T22:59:22Z
52.143339942863157 21.052190767050817 -1 2024-02-01T23:54:20Z
52.143338626810653 21.052196449871616 -1 2024-02-01T23:54:20Z
52.143341434952305 21.05217255473903 -1 2024-02-02T00:07:15Z
52.143338942204011 21.052194880412713 -1 2024-02-02T00:07:15Z
52.14333910386928 21.052194887656487 -1 2024-02-02T00:07:15Z
52.143341462586321 21.052172294174589 -1 2024-02-02T07:00:01Z
52.143340448942638 21.052158312305735 -1 2024-02-02T07:53:18Z
52.14334043756935 21.052158581907531 -1 2024-02-02T08:09:38Z
52.143340328808115 21.052161160069407 -1 2024-02-02T08:50:57Z
52.143338961942938 21.052172955340005 -1 2024-02-02T09:10:10Z
52.143339673466144 21.052182628481233 -1 2024-02-02T09:10:10Z
52.14333958282031 21.052181947301072 -1 2024-02-02T09:51:25Z
52.143338799999981 21.052197400000001 -1 2024-02-02T10:44:16Z
52.143338799999988 21.052197400000001 -1 2024-02-02T11:17:01Z
52.143339574460626 21.052182112319716 -1 2024-02-02T11:17:01Z
52.143339651172184 21.052180598048583 -1 2024-02-02T11:17:01Z
52.143338800000002 21.052197400000001 -1 2024-02-02T13:21:26Z
52.143339569662565 21.052182207032622 -1 2024-02-02T13:21:26Z
52.143339535424786 21.052181421729294 -1 2024-02-02T13:21:26Z
52.143338800000002 21.052197400000001 -1 2024-02-02T14:30:05Z
52.143339469202381 21.052182860518297 -1 2024-02-02T14:30:05Z
52.143339305608293 21.052183718187951 -1 2024-02-02T14:30:05Z
52.143338799999988 21.052197400000001 -1 2024-02-02T14:50:09Z
52.143339259685128 21.052184960875113 -1 2024-02-02T14:50:09Z
52.143339080716451 21.052185989946128 -1 2024-02-02T14:50:09Z
52.143338799999988 21.052197400000001 -1 2024-02-02T14:51:42Z
52.143339055446589 21.052187017071713 -1 2024-02-02T14:51:42Z
52.143338799999981 21.052197400000001 -1 2024-02-02T15:14:56Z
52.143338942114795 21.052189800235642 -1 2024-02-02T15:14:56Z
52.143338837682656 21.052191980299945 -1 2024-02-02T15:14:56Z
52.143338834498117 21.05219243831537 -1 2024-02-02T16:03:25Z
52.14333873270057 21.05219492299652 -1 2024-02-02T16:11:33Z
52.143338799999981 21.052197400000001 -1 2024-02-02T16:27:43Z
52.143338720985255 21.05219677784012 -1 2024-02-02T16:27:43Z
52.143338799999988 21.052197400000001 -1 2024-02-02T16:27:43Z
52.143338799999988 21.052197400000004 -1 2024-02-02T17:30:41Z
52.143338799999981 21.052197400000001 -1 2024-02-02T17:46:28Z
52.143338799999988 21.052197399999997 -1 2024-02-02T17:46:28Z
52.143338799999981 21.052197400000001 -1 2024-02-02T17:46:28Z
52.143338799999981 21.052197400000001 -1 2024-02-02T19:19:07Z
52.143338799999988 21.052197400000001 -1 2024-02-02T19:38:58Z
52.143338799999981 21.052197400000001 -1 2024-02-02T19:38:58Z
52.143338799999981 21.052197400000001 -1 2024-02-02T19:58:38Z
52.143338799999981 21.052197400000001 -1 2024-02-02T20:25:13Z
52.143340301613243 21.052197395508639 -1 2024-02-02T20:28:31Z
52.143338918122858 21.052197399646694 -1 2024-02-02T20:28:31Z
52.143338929531765 21.052197399612567 -1 2024-02-02T20:28:31Z
52.143340317724878 21.052191490547521 -1 2024-02-02T21:50:58Z
52.143339039862965 21.052196929970275 -1 2024-02-02T21:50:58Z
52.143339062882603 21.052196884861555 -1 2024-02-02T21:50:58Z
