52.143338990347061 21.052183643367748 -1 2024-01-15T22:28:20Z
52.14333897409675 21.052184817803358 -1 2024-01-15T22:47:41Z
52.143338799999988 21.052197400000001 -1 2024-01-15T23:04:54Z
52.143338799999988 21.052197400000001 -1 2024-01-15T23:23:30Z
52.143339148712307 21.052188914058821 -1 2024-01-15T23:23:30Z
52.143339274489222 21.052190188258962 -1 2024-01-15T23:23:30Z
52.143338799999981 21.052197400000001 -1 2024-01-15T23:38:46Z
52.143339238784996 21.052190730926135 -1 2024-01-15T23:38:46Z
52.143339372396682 21.052192160302273 -1 2024-01-15T23:38:46Z
52.143343723754555 21.052175569791856 -1 2024-01-16T03:32:16Z
52.143360923294765 21.052131178887617 -1 2024-01-16T04:35:59Z
52.143341098532794 21.05218916328408 -1 2024-01-16T04:35:59Z
52.143341143339207 21.05218955362567 -1 2024-01-16T04:35:59Z
52.143360762504962 21.052131660176435 -1 2024-01-16T09:52:23Z
52.143342596532513 21.052185342929569 -1 2024-01-16T09:52:23Z
52.143360136718655 21.052133533329545 -1 2024-01-16T10:22:10Z
52.143343824162358 21.052181716802149 -1 2024-01-16T10:22:10Z
52.143344137748805 21.052180877487022 -1 2024-01-16T10:22:10Z
52.143343998331233 21.052174352414163 -1 2024-01-16T10:51:05Z
52.143344127844138 21.052180413924329 -1 2024-01-16T10:51:05Z
52.143343799048203 21.052175235965983 -1 2024-01-16T11:18:22Z
52.143343451976591 21.052176774761076 -1 2024-01-16T11:43:49Z
52.143342999156445 21.052178782408291 -1 2024-01-16T12:04:41Z
52.143345634779081 21.052174169268778 -1 2024-01-16T12:04:41Z
52.143338131700958 21.052193146420493 -1 2024-01-16T12:25:16Z
52.143338799999981 21.052197400000001 -1 2024-01-16T12:43:39Z
52.14334564082035 21.052173567073694 -1 2024-01-16T12:43:39Z
52.143338799999981 21.052197400000001 -1 2024-01-16T13:07:38Z
52.143346259597472 21.052171411297529 -1 2024-01-16T13:07:38Z
52.143338800000002 21.052197400000001 -1 2024-01-16T13:28:58Z
52.143345584042123 21.052173764885065 -1 2024-01-16T13:28:58Z
52.14334573749138 21.052173616003984 -1 2024-01-16T13:28:58Z
52.143338800000002 21.052197400000001 -1 2024-01-16T13:35:23Z
52.143345137831076 21.052175671837148 -1 2024-01-16T13:35:23Z
52.143343884540919 21.052179204360687 -1 2024-01-16T13:35:23Z
52.143338800000002 21.052197400000001 -1 2024-01-16T14:11:54Z
52.143343407598088 21.052180911158413 -1 2024-01-16T14:11:54Z
52.143342061008759 21.052184732600779 -1 2024-01-16T14:11:54Z
52.143338799999981 21.052197400000001 -1 2024-01-16T14:39:28Z
52.143341741854428 21.052185972357119 -1 2024-01-16T14:39:28Z
52.143339849693284 21.052194784341253 -1 2024-01-16T14:59:00Z
52.143339795788968 21.052194918661694 -1 2024-01-16T15:12:21Z
52.143339681260564 21.052193258397487 -1 2024-01-16T15:12:21Z
52.143339765825857 21.052194993324697 -1 2024-01-16T15:29:37Z
52.143339688920541 21.052193415548174 -1 2024-01-16T15:29:37Z
52.143339390584416 21.052194734833783 -1 2024-01-16T15:29:37Z
52.143338799999981 21.052197400000001 -1 2024-01-16T15:46:13Z
52.143339339185573 21.052194966784484 -1 2024-01-16T15:46:13Z
52.143339029969056 21.05219633413812 -1 2024-01-16T15:46:13Z
52.143338799999988 21.052197400000001 -1 2024-01-16T15:57:54Z
52.14333901059608 21.052196423928088 -1 2024-01-16T15:57:54Z
52.143339083141534 21.052196694459006 -1 2024-01-16T15:57:54Z
52.143338799999988 21.052197400000001 -1 2024-01-16T16:43:51Z
52.143338799999981 21.052197400000001 -1 2024-01-16T16:44:21Z
52.143339059075778 21.052196754426824 -1 2024-01-16T16:44:21Z
52.143339082208364 21.052196696784325 -1 2024-01-16T16:44:21Z
52.143342969924497 21.052186608359072 -1 2024-01-16T20:03:58Z
52.143339396292518 21.052195881752088 -1 2024-01-16T20:03:58Z
52.143339446366681 21.052195754255948 -1 2024-01-16T20:03:58Z
52.143342772536357 21.05218711919381 -1 2024-01-16T20:57:37Z
52.143339721042835 21.052195041169867 -1 2024-01-16T20:57:37Z
52.143339795029753 21.052194851686192 -1 2024-01-16T20:57:37Z
52.143340045698679 21.052194200832684 -1 2024-01-16T21:19:22Z
52.143340157025506 21.052193914926342 -1 2024-01-16T21:19:22Z
52.14334290561051 21.052186774801743 -1 2024-01-16T22:20:23Z
52.143340739903756 21.052192404608075 -1 2024-01-16T22:20:23Z
52.143340821814768 21.052192185641488 -1 2024-01-16T22:20:23Z
