50.011706213725368 19.97844796802276 -1 2024-02-01T20:57:19Z
50.011693705708907 19.978452263490684 -1 2024-02-02T09:56:02Z
50.011698380580917 19.978465077249702 -1 2024-02-02T10:12:52Z
50.011705810052163 19.978482364961096 -1 2024-02-02T10:46:25Z
50.011702598598987 19.978466015709703 -1 2024-02-02T11:03:01Z
50.011702061544995 19.978463132247199 -1 2024-02-02T11:19:58Z
50.011701716996924 19.978460183315484 -1 2024-02-02T11:52:21Z
50.011706707878901 19.978463930286743 -1 2024-02-02T12:34:47Z
50.011707161364541 19.978459484090283 -1 2024-02-02T13:16:34Z
50.011699214432376 19.97846358693528 -1 2024-02-02T13:16:34Z
50.011698765044109 19.978465982355694 -1 2024-02-02T13:16:34Z
50.011699428464006 19.978464805127867 -1 2024-02-02T13:44:23Z
50.011699035030631 19.978466882744396 -1 2024-02-02T13:44:23Z
50.011702390893106 19.978446267044276 -1 2024-02-02T14:03:39Z
50.011699294637445 19.978465287931389 -1 2024-02-02T14:03:39Z
50.011706610052755 19.978422799873723 -1 2024-02-02T14:18:26Z
50.011699515072806 19.978463474681991 -1 2024-02-02T14:18:26Z
50.01169927779862 19.978464970075922 -1 2024-02-02T14:18:26Z
50.011707410052686 19.978417489877074 -1 2024-02-02T14:39:08Z
50.011699890144079 19.978461394899025 -1 2024-02-02T14:39:08Z
50.011659417408168 19.978380536193573 -1 2024-02-02T15:48:11Z
50.011697156078348 19.978455691059029 -1 2024-02-02T15:48:11Z
50.011697055825657 19.978454922591425 -1 2024-02-02T15:48:11Z
50.011680376490382 19.97840370600483 -1 2024-02-02T16:11:11Z
50.011695742498866 19.978450889806112 -1 2024-02-02T16:11:11Z
50.011694929239553 19.978448347237439 -1 2024-02-02T16:11:11Z
50.011680558658711 19.978409254720649 -1 2024-02-02T16:44:43Z
50.011693802208406 19.978445281354773 -1 2024-02-02T16:44:43Z
50.011675344724999 19.978394056059461 -1 2024-02-02T17:35:55Z
50.011691687332075 19.978439692211047 -1 2024-02-02T17:35:55Z
50.011690830238571 19.978437755650344 -1 2024-02-02T17:35:55Z
50.01168246951503 19.978401140147305 -1 2024-02-02T17:56:12Z
50.0116902078191 19.97843502978337 -1 2024-02-02T17:56:12Z
50.011686462418389 19.978395809453463 -1 2024-02-02T18:13:26Z
50.011689056203856 19.978430304906787 -1 2024-02-02T18:13:26Z
50.011703095690507 19.978401706353168 -1 2024-02-02T19:04:38Z
50.01168868499996 19.978425674752245 -1 2024-02-02T19:04:38Z
50.011712804072744 19.978403774770175 -1 2024-02-02T19:39:34Z
50.011689068610799 19.978421401827838 -1 2024-02-02T19:39:34Z
50.011687533641535 19.978418928808825 -1 2024-02-02T19:39:34Z
50.011720996153066 19.978412748011753 -1 2024-02-02T20:04:38Z
50.011689948787691 19.978418482712044 -1 2024-02-02T20:04:38Z
50.011714455304336 19.978402334721167 -1 2024-02-02T20:45:23Z
50.011690751283759 19.978415129335975 -1 2024-02-02T20:45:23Z
50.011712307565645 19.978408159654851 -1 2024-02-02T21:07:51Z
50.011691105718675 19.978414032972715 -1 2024-02-02T21:07:51Z
50.011712584174383 19.97842222301465 -1 2024-02-02T21:37:02Z
50.011691421512097 19.978414365942196 -1 2024-02-02T21:37:02Z
50.011694247093097 19.978417352708533 -1 2024-02-02T21:37:02Z
50.011713012642119 19.978410551445943 -1 2024-02-02T22:26:39Z
50.011695630989067 19.978416851138537 -1 2024-02-02T22:26:39Z
