52.143431335868037 21.052174036696591 -1 2024-01-07T22:27:12Z
52.143431162466946 21.052173740155439 -1 2024-01-07T23:07:26Z
52.143435699999991 21.052181499999996 -1 2024-01-07T23:26:07Z
52.143433849934837 21.05217833611793 -1 2024-01-07T23:26:07Z
52.143433680218095 21.052178045877501 -1 2024-01-07T23:26:07Z
52.143445066105578 21.052174045949876 -1 2024-01-08T05:27:01Z
52.143434556397963 21.052177738070554 -1 2024-01-08T05:27:01Z
52.143434446595322 21.052177376869967 -1 2024-01-08T05:27:01Z
52.143451023495423 21.052166170510642 -1 2024-01-08T06:27:36Z
52.143452376031668 21.052164817444719 -1 2024-01-08T06:56:45Z
52.143436960852881 21.052175184338211 -1 2024-01-08T06:56:45Z
52.143437084365054 21.052174565660774 -1 2024-01-08T06:56:45Z
52.143474526784694 21.052130708092314 -1 2024-01-08T13:35:33Z
52.143494787545883 21.052096397247315 -1 2024-01-08T14:30:32Z
52.143477761607258 21.052101350127511 -1 2024-01-08T15:13:21Z
52.143426777256117 21.052129247210605 -1 2024-01-08T15:44:37Z
52.143414887445132 21.052129232006607 -1 2024-01-08T16:04:31Z
52.143406675991102 21.052119322978168 -1 2024-01-08T16:31:21Z
52.143441884320538 21.052145324576212 -1 2024-01-08T16:31:21Z
52.14340532531979 21.052121414304501 -1 2024-01-08T17:41:15Z
52.143385002992673 21.052144325680402 -1 2024-01-08T17:52:45Z
52.143375274016705 21.052163654027876 -1 2024-01-08T18:41:02Z
52.14337152480428 21.052167460110589 -1 2024-01-08T19:09:38Z
52.143358330296486 21.052190609162327 -1 2024-01-08T19:33:24Z
52.14334999280414 21.052191847579866 -1 2024-01-08T19:56:43Z
52.143338799999974 21.052197400000004 -1 2024-01-08T20:41:31Z
52.143392664613806 21.052150818263161 -1 2024-01-08T20:41:31Z
52.143386793358886 21.052153947029968 -1 2024-01-08T20:41:31Z
52.143338799999981 21.052197400000001 -1 2024-01-08T22:10:26Z
52.143381815526162 21.052158453942237 -1 2024-01-08T22:10:26Z
