52.143338799999981 21.052197400000001 -1 2024-01-25T22:43:24Z
52.143341373997963 21.052195902348558 -1 2024-01-25T22:43:24Z
52.143338799999974 21.052197400000004 -1 2024-01-25T22:52:02Z
52.143341362288005 21.052195909161867 -1 2024-01-25T22:52:02Z
52.143338799999981 21.052197400000001 -1 2024-01-25T23:26:09Z
52.143340612826954 21.052196345227276 -1 2024-01-25T23:26:09Z
52.143338800000002 21.052197400000001 -1 2024-01-25T23:37:27Z
52.143340239170129 21.052196562635242 -1 2024-01-25T23:37:27Z
52.143338799999988 21.052197400000001 -1 2024-01-26T00:38:21Z
52.143339881723534 21.052196770611481 -1 2024-01-26T00:38:21Z
52.143338799999981 21.052197400000001 -1 2024-01-26T00:51:31Z
52.143338800000002 21.052197400000001 -1 2024-01-26T00:56:53Z
52.143339167363834 21.052197186253544 -1 2024-01-26T00:56:53Z
52.143338799999995 21.052197399999997 -1 2024-01-26T00:56:53Z
52.143338800000002 21.052197400000001 -1 2024-01-26T08:00:41Z
52.143338799999995 21.052197400000001 -1 2024-01-26T08:00:41Z
52.143338799999981 21.052197400000001 -1 2024-01-26T08:00:41Z
52.143338799999988 21.052197400000001 -1 2024-01-26T09:41:22Z
52.143338799999981 21.052197400000001 -1 2024-01-26T10:28:24Z
52.143338800000002 21.052197400000001 -1 2024-01-26T10:48:08Z
52.143338799999981 21.052197399999997 -1 2024-01-26T11:07:28Z
52.143338799999995 21.052197399999997 -1 2024-01-26T11:14:52Z
52.143338799999981 21.052197400000001 -1 2024-01-26T11:34:44Z
52.143338800000002 21.052197400000001 -1 2024-01-26T11:49:37Z
52.143338799999988 21.052197400000001 -1 2024-01-26T12:00:49Z
52.143338799999995 21.052197400000001 -1 2024-01-26T12:00:49Z
52.143338799999988 21.052197400000001 -1 2024-01-26T12:40:27Z
52.143336515446791 21.052192825039899 -1 2024-01-26T12:42:25Z
52.143338609895636 21.052197019304135 -1 2024-01-26T12:42:25Z
52.14333859254242 21.052196984553248 -1 2024-01-26T12:42:25Z
52.143336529913654 21.052192854010663 -1 2024-01-26T14:49:25Z
52.143338421786375 21.052196642603615 -1 2024-01-26T14:49:25Z
52.143338388789097 21.052196576524501 -1 2024-01-26T14:49:25Z
52.143336525192012 21.052192844555275 -1 2024-01-26T15:09:36Z
52.143338235133079 21.052196268818726 -1 2024-01-26T15:09:36Z
52.1433381847162 21.052196167855787 -1 2024-01-26T15:09:36Z
52.143336630013685 21.052193054467207 -1 2024-01-26T16:04:53Z
52.143338052522083 21.052195903128823 -1 2024-01-26T16:04:53Z
52.143337990766099 21.052195779458607 -1 2024-01-26T16:04:53Z
52.143336519659357 21.052192833475839 -1 2024-01-26T16:08:49Z
52.143337871098389 21.052195539816566 -1 2024-01-26T16:08:49Z
52.143336564025404 21.052192922321577 -1 2024-01-26T16:43:09Z
52.14333637396836 21.052192541720537 -1 2024-01-26T16:48:55Z
52.143337496485145 21.052194789630207 -1 2024-01-26T16:48:55Z
52.143337376450106 21.052194549252562 -1 2024-01-26T16:48:55Z
52.143336463130211 21.052192720272679 -1 2024-01-26T18:05:01Z
52.143336534553626 21.05219286330253 -1 2024-01-26T18:20:43Z
52.143337109512295 21.052194014692986 -1 2024-01-26T18:20:43Z
52.143336952000851 21.052193699266528 -1 2024-01-26T18:20:43Z
52.143336804743775 21.052183013225346 -1 2024-01-26T20:53:20Z
52.143332850542663 21.052137709668543 -1 2024-01-26T21:14:41Z
52.143336486939617 21.052188649298429 -1 2024-01-26T21:14:41Z
52.143337710627101 21.052080376685264 -1 2024-01-26T21:39:11Z
52.143335986238348 21.052173175843738 -1 2024-01-26T21:57:07Z
52.143335931175166 21.05217118285503 -1 2024-01-26T21:57:07Z
52.14330762636682 21.051929073664379 -1 2024-01-26T22:25:19Z
52.143334750183783 21.05216108098664 -1 2024-01-26T22:25:19Z
52.143334559743252 21.052157673084327 -1 2024-01-26T22:25:19Z
52.143297774781253 21.051864973839287 -1 2024-01-26T22:48:41Z
52.143333216130657 21.052146981801172 -1 2024-01-26T22:48:41Z
