52.143333216130657 21.052146981801172 -1 2024-01-26T22:48:41Z
52.143332807239389 21.052141463553102 -1 2024-01-26T22:48:41Z
52.143280686186777 21.051787257621726 -1 2024-01-26T23:06:37Z
52.143330999097266 21.052129175587545 -1 2024-01-26T23:06:37Z
52.143330308297493 21.052121209968437 -1 2024-01-26T23:06:37Z
52.143293714928213 21.05186671726668 -1 2024-01-27T00:39:25Z
52.143307406863926 21.05197989689799 -1 2024-01-27T00:53:21Z
52.143326160704838 21.052089938609306 -1 2024-01-27T00:53:21Z
52.143324756673046 21.052075833688139 -1 2024-01-27T00:53:21Z
52.143311959771054 21.052024794975424 -1 2024-01-27T08:45:05Z
52.143323735040006 21.052071759038668 -1 2024-01-27T08:45:05Z
52.143321818739302 21.052053547608821 -1 2024-01-27T08:45:05Z
52.143314691041276 21.052108364259844 -1 2024-01-27T09:36:49Z
52.143317812725265 21.052118242760521 -1 2024-01-27T09:48:56Z
52.143318476360875 21.052048159201515 -1 2024-01-27T09:48:56Z
52.143315813931309 21.052028570051547 -1 2024-01-27T09:48:56Z
52.143316681389386 21.052122058627681 -1 2024-01-27T11:49:47Z
52.143315919963705 21.052039997054958 -1 2024-01-27T11:49:47Z
52.14331375424387 21.052027497926353 -1 2024-01-27T11:49:47Z
52.143320890683206 21.052090469885133 -1 2024-01-27T20:45:26Z
52.143322890911705 21.052102412499931 -1 2024-01-27T20:54:17Z
52.143325150351707 21.052115902779583 -1 2024-01-27T21:47:56Z
52.143313527660474 21.052046727126001 -1 2024-01-27T21:47:56Z
52.143393670594925 21.052027724504661 -1 2024-01-27T22:49:51Z
