52.020655916995295 15.112030616919389 -1 2023-11-24T14:06:53Z
52.020730130016787 15.11194792231554 -1 2023-11-25T06:50:19Z
52.020662989380284 15.112022736267487 -1 2023-11-25T06:50:19Z
52.020652119929352 15.11203295723336 -1 2023-11-25T06:50:19Z
52.020648400001477 15.112037789323958 -1 2023-11-25T10:34:29Z
52.020651634719371 15.112033587508709 -1 2023-11-25T10:34:29Z
52.020647431199343 15.112037858273927 -1 2023-11-25T10:34:29Z
52.023705599999985 15.114338300000007 -1 2023-11-25T18:44:59Z
52.023643156248781 15.114211843762906 -1 2023-11-25T18:47:46Z
52.023675464296524 15.114277271434496 -1 2023-11-25T18:47:46Z
52.020533243125527 15.112139669217624 -1 2023-12-24T19:48:14Z
52.020554694786007 15.112149369961237 -1 2023-12-25T11:33:47Z
52.020534740910662 15.112140346536883 -1 2023-12-25T11:33:47Z
52.020528668715023 15.112147084430999 -1 2023-12-25T11:33:47Z
