52.143338799999988 21.052197400000001 -1 2024-01-30T22:46:40Z
52.143338799999988 21.052197400000001 -1 2024-01-30T23:10:17Z
52.143338800000002 21.052197400000001 -1 2024-01-30T23:26:39Z
52.143338799999981 21.052197400000001 -1 2024-01-30T23:29:25Z
52.143338799999988 21.052197400000001 -1 2024-01-30T23:29:25Z
52.143338799999995 21.052197400000001 -1 2024-01-30T23:29:25Z
52.143580299999989 21.051527700000001 -1 2024-01-31T04:58:18Z
52.14336783571521 21.052116882439275 -1 2024-01-31T05:03:20Z
52.143580300000004 21.051527699999998 -1 2024-01-31T05:10:08Z
52.143580300000004 21.051527699999998 -1 2024-01-31T05:25:12Z
52.14340414104344 21.052016205498187 -1 2024-01-31T05:25:12Z
52.143580299999996 21.051527700000001 -1 2024-01-31T06:14:43Z

52.143348203585482 21.052171323392564 -1 2024-01-31T07:17:36Z
52.143425502495525 21.051956968670137 -1 2024-01-31T07:17:36Z
52.143434604427547 21.051931728322042 -1 2024-01-31T07:17:36Z
52.143578300000001 21.051527999999998 -1 2024-01-31T09:51:44Z
52.143444487221046 21.051903961747886 -1 2024-01-31T09:51:44Z
52.143455822263888 21.051872490046797 -1 2024-01-31T09:51:44Z
52.143433273184101 21.051935157933034 -1 2024-01-31T14:18:21Z
52.143405305541506 21.052012642031535 -1 2024-01-31T14:54:48Z
52.143389319593133 21.052056976042035 -1 2024-01-31T15:20:07Z
52.14346620412195 21.051843648119185 -1 2024-01-31T15:20:07Z
52.143338799999981 21.052197400000001 -1 2024-01-31T16:02:37Z
52.143338799999988 21.052197400000001 -1 2024-01-31T16:46:58Z
52.143449958254017 21.05188870491375 -1 2024-01-31T16:46:58Z
52.143440093464577 21.051916027012062 -1 2024-01-31T16:46:58Z
52.143340070708639 21.052195935027974 -1 2024-01-31T18:22:52Z
52.143431241442919 21.051940799018933 -1 2024-01-31T18:22:52Z
52.143419287675968 21.051973927245417 -1 2024-01-31T18:22:52Z
52.14333991498421 21.052196114559226 -1 2024-01-31T18:35:16Z
52.143398063659212 21.052032968913178 -1 2024-01-31T18:35:16Z
52.143339996019606 21.052196021135295 -1 2024-01-31T18:50:58Z
52.143392892530237 21.052047489334029 -1 2024-01-31T18:50:58Z
52.143377618731748 21.05208985194049 -1 2024-01-31T18:50:58Z
52.143340013376751 21.052196001124624 -1 2024-01-31T19:12:05Z
52.143374376456229 21.052099003976629 -1 2024-01-31T19:12:05Z
52.143376772495905 21.052092384834097 -1 2024-01-31T19:12:05Z
52.143340013376751 21.052196001124621 -1 2024-01-31T19:30:57Z
52.143373595603556 21.052101339847948 -1 2024-01-31T19:30:57Z
52.143376131391399 21.052094350892091 -1 2024-01-31T19:30:57Z
52.143340005397903 21.052196010323275 -1 2024-01-31T19:51:45Z
52.14337298488843 21.052103205244947 -1 2024-01-31T19:51:45Z
52.143358582583609 21.052143553857004 -1 2024-01-31T19:51:45Z
52.143338799999981 21.052197400000001 -1 2024-01-31T20:15:32Z
52.143356945595691 21.052148009572875 -1 2024-01-31T20:15:32Z
52.143368637917199 21.05214393465678 -1 2024-01-31T20:39:14Z
52.143399889943751 21.052058132558258 -1 2024-01-31T20:56:39Z
52.143347274800796 21.052180134795741 -1 2024-01-31T20:56:39Z
52.143423652478916 21.051995744055091 -1 2024-01-31T21:18:47Z
52.143354127088386 21.052163874297957 -1 2024-01-31T21:18:47Z
52.143439078589765 21.051949921948133 -1 2024-01-31T21:23:45Z
52.143413209276282 21.052024397444061 -1 2024-01-31T21:37:55Z
52.143366231589042 21.052134496159471 -1 2024-01-31T21:37:55Z
52.143368678552513 21.052128749454372 -1 2024-01-31T21:37:55Z
52.143431221200728 21.051971458794164 -1 2024-01-31T21:55:27Z
52.143373551604043 21.052116494084085 -1 2024-01-31T21:55:27Z
52.143376962915703 21.052108419232262 -1 2024-01-31T21:55:27Z
52.143398963092885 21.052029055867415 -1 2024-01-31T22:05:22Z
52.143378700623089 21.052102150642376 -1 2024-01-31T22:05:22Z
52.143382579776734 21.052092742490174 -1 2024-01-31T22:05:22Z
