50.011673287899399 19.978439053506705 -1 2024-01-17T22:00:01Z
50.011673280433207 19.978440385877118 -1 2024-01-17T22:00:01Z
50.011674176561648 19.978445830676549 -1 2024-01-18T07:42:07Z
50.01167405374278 19.978448505111189 -1 2024-01-18T07:46:07Z
50.011673470274054 19.978442709432208 -1 2024-01-18T07:46:07Z
50.011673557647214 19.978443872460996 -1 2024-01-18T07:46:07Z
50.01166626384137 19.978401499104578 -1 2024-01-18T09:38:36Z
50.011673333050723 19.97844256766642 -1 2024-01-18T09:38:36Z
50.011675315064331 19.978404274241278 -1 2024-01-18T10:37:38Z
50.01168005605598 19.978408795636057 -1 2024-01-18T10:50:10Z
50.011673686575499 19.978441333411858 -1 2024-01-18T10:50:10Z
50.011673801412535 19.978441212692783 -1 2024-01-18T10:50:10Z
50.011680459591858 19.978408275930722 -1 2024-01-18T12:14:39Z
50.011683306280595 19.978410747299332 -1 2024-01-18T13:04:14Z
50.011675938039183 19.978434746038477 -1 2024-01-18T13:48:35Z
50.011678122270986 19.978431922350758 -1 2024-01-18T14:18:52Z
50.011675065199903 19.978434620988281 -1 2024-01-18T14:18:52Z
50.011675226297335 19.978433041692352 -1 2024-01-18T14:18:52Z
50.011690496617604 19.978393804742581 -1 2024-01-18T15:50:24Z
50.011697628887092 19.978395232509765 -1 2024-01-18T16:13:51Z
50.011677139581145 19.978428081029339 -1 2024-01-18T16:13:51Z
50.011677567456921 19.978425726689494 -1 2024-01-18T16:13:51Z
50.011705822154994 19.97840341268434 -1 2024-01-18T17:27:10Z
50.01171234533237 19.978407957957153 -1 2024-01-18T18:20:32Z
50.011709256961005 19.978415156669104 -1 2024-01-18T18:51:43Z
50.011686294820436 19.978414903665524 -1 2024-01-18T18:51:43Z
50.011708512986296 19.978417526448563 -1 2024-01-18T20:35:42Z
50.011710018619262 19.978418690027333 -1 2024-01-18T21:09:32Z
50.011703131798242 19.978410748953134 -1 2024-01-18T21:54:07Z
50.011699491898625 19.978406574011952 -1 2024-01-18T22:27:19Z
