50.011716424835292 19.978452096066729 -1 2024-01-30T21:03:23Z
50.011764412222227 19.978448420257326 -1 2024-01-31T01:28:06Z
50.011726994264528 19.978443493421821 -1 2024-01-31T01:28:06Z

50.011726994264528 19.978443493421821 -1 2024-01-31T01:28:06Z
50.011719465015538 19.978444849997594 -1 2024-01-31T13:38:32Z
50.011718030016425 19.978440004994404 -1 2024-01-31T14:19:36Z
50.011717875018832 19.978449729995834 -1 2024-01-31T14:44:04Z
50.011715955018779 19.978458779997077 -1 2024-01-31T15:01:04Z
50.011707790018455 19.978459860006293 -1 2024-01-31T15:31:09Z
50.011716896215752 19.978461102190945 -1 2024-01-31T16:23:56Z
50.011719426453098 19.978456636823452 -1 2024-01-31T16:42:43Z
50.011719628671194 19.978454151326375 -1 2024-01-31T16:45:06Z
50.011722518717335 19.978452611759433 -1 2024-01-31T16:45:06Z
50.011722729725669 19.978451687889738 -1 2024-01-31T16:45:06Z
50.011720847102112 19.978459421810985 -1 2024-01-31T18:12:58Z
50.011713862446982 19.978460063486128 -1 2024-01-31T18:12:58Z
50.011713123240426 19.978460042885686 -1 2024-01-31T18:12:58Z
50.011717297354323 19.978444526702337 -1 2024-01-31T18:29:39Z
50.011713447252703 19.978458838454689 -1 2024-01-31T18:29:39Z
50.011712719985731 19.978459863091302 -1 2024-01-31T18:29:39Z
50.011708838098315 19.978439005587532 -1 2024-01-31T18:30:45Z
50.011711473731857 19.978459784918613 -1 2024-01-31T18:30:45Z
