52.143338799999974 21.052197400000004 -1 2024-01-25T22:31:53Z
52.143338799999988 21.052197400000001 -1 2024-01-25T22:31:53Z
52.143338799999974 21.052197399999997 -1 2024-01-25T22:51:32Z
52.143338799999981 21.052197400000001 -1 2024-01-25T22:51:32Z
52.143338799999974 21.052197399999997 -1 2024-01-25T23:16:56Z
52.143338799999981 21.052197400000001 -1 2024-01-25T23:16:56Z
52.143338799999981 21.052197400000001 -1 2024-01-26T00:02:41Z
52.143338799999974 21.052197400000001 -1 2024-01-26T00:02:41Z
52.143338799999988 21.052197400000004 -1 2024-01-26T00:09:29Z
52.143338799999974 21.052197400000001 -1 2024-01-26T00:09:29Z
52.143338799999974 21.052197400000004 -1 2024-01-26T00:09:29Z
52.143338799999981 21.052197400000001 -1 2024-01-26T10:32:23Z
52.143338799999967 21.052197399999997 -1 2024-01-26T10:32:23Z
52.143338800000002 21.052197400000001 -1 2024-01-26T11:14:39Z
52.143338800000002 21.052197400000001 -1 2024-01-26T11:37:17Z
52.143338799999988 21.052197400000004 -1 2024-01-26T11:53:22Z
52.143338799999981 21.052197400000001 -1 2024-01-26T12:06:04Z
52.143338799999981 21.052197400000001 -1 2024-01-26T12:22:47Z
52.143338799999974 21.052197400000004 -1 2024-01-26T12:31:59Z
52.14333704874835 21.052193861961808 -1 2024-01-26T12:42:21Z
52.143338642208576 21.052197081215372 -1 2024-01-26T12:42:21Z
52.14333862754615 21.052197051593009 -1 2024-01-26T12:42:21Z
52.143335692731057 21.052189073058702 -1 2024-01-26T14:37:38Z
52.143338332677921 21.052196260867582 -1 2024-01-26T14:37:38Z
52.143335669355359 21.05218901041594 -1 2024-01-26T14:52:12Z
52.143338103010173 21.052195635635357 -1 2024-01-26T14:52:12Z
52.143338040177468 21.052195476580213 -1 2024-01-26T14:52:12Z
52.143335390592441 21.052188263379847 -1 2024-01-26T15:14:58Z
52.143337822474329 21.052194883907585 -1 2024-01-26T15:14:58Z
52.143337735146169 21.052194659130148 -1 2024-01-26T15:14:58Z
52.143335390592455 21.052188263379847 -1 2024-01-26T16:04:13Z
52.143337542535882 21.052194133705008 -1 2024-01-26T16:04:13Z
52.14333744066127 21.052193869083123 -1 2024-01-26T16:04:13Z
52.143335258070678 21.052187908244569 -1 2024-01-26T16:15:52Z
52.143337267738602 21.052193396816694 -1 2024-01-26T16:15:52Z
52.143337147241851 21.052193082007179 -1 2024-01-26T16:15:52Z
52.143335258070685 21.052187908244569 -1 2024-01-26T16:54:48Z
52.143336998506534 21.052192674674401 -1 2024-01-26T16:54:48Z
52.143336852953929 21.052192292889288 -1 2024-01-26T16:54:48Z
52.143335043498098 21.052187333227419 -1 2024-01-26T18:03:35Z
52.143349843235079 21.052145166165822 -1 2024-01-26T18:12:34Z
52.143334538273962 21.052185979314764 -1 2024-01-26T18:23:59Z
52.143337171263632 21.052187114334142 -1 2024-01-26T18:23:59Z
52.143337009949704 21.052186095617611 -1 2024-01-26T18:23:59Z
52.143352008212446 21.05212816529739 -1 2024-01-26T20:53:06Z
52.143351933010422 21.052082030125206 -1 2024-01-26T21:15:15Z
52.143338870530279 21.052174131182049 -1 2024-01-26T21:15:15Z
52.143362527076704 21.052005682551876 -1 2024-01-26T21:35:35Z
52.14334158213169 21.052147684198253 -1 2024-01-26T21:54:10Z
52.143342252921506 21.052142995834167 -1 2024-01-26T21:54:10Z
52.143285465307869 21.05178085655518 -1 2024-01-26T22:26:26Z
52.143340482318521 21.052131704432352 -1 2024-01-26T22:26:26Z
52.143341077537784 21.052125092709964 -1 2024-01-26T22:26:26Z
52.143275559850451 21.051771097590922 -1 2024-01-26T22:49:24Z
52.143338917508977 21.052113421865464 -1 2024-01-26T22:49:24Z
