50.011877091530728 19.977077730950356 -1 2023-11-03T21:29:14Z
50.011895918711033 19.977402563218945 -1 2023-11-03T22:30:27Z
50.011884595400325 19.977207196062409 -1 2023-11-03T22:30:27Z
50.011860201720246 19.977409793347498 -1 2023-11-04T07:03:30Z
50.011876677845166 19.977272954225221 -1 2023-11-04T07:03:30Z
50.026679899999998 19.976737700000001 -1 2023-11-04T07:14:39Z
50.034173299999992 19.968357099999999 -1 2023-11-04T07:55:32Z
50.034222160938448 19.968436939478391 -1 2023-11-04T08:18:48Z
50.015380199999996 19.987196899999997 -1 2023-11-04T08:28:35Z
50.008147804773685 19.958909872139422 -1 2023-11-04T15:01:45Z
50.010147099999998 19.963528700000001 -1 2023-11-04T15:13:40Z
50.013884399999981 19.950333899999997 -1 2023-11-04T17:08:30Z
50.016528452297457 19.879026311193805 -1 2023-11-04T17:32:51Z
50.016579118462971 19.879032189230816 -1 2023-11-04T17:45:10Z
50.016554651371905 19.879029350678813 -1 2023-11-04T17:45:10Z
50.016578502364403 19.879031769386032 -1 2023-11-04T17:48:09Z
50.016596038750663 19.879039417854838 -1 2023-11-04T17:49:49Z
50.016576044415288 19.879036363273045 -1 2023-11-04T18:04:30Z
50.01657864763834 19.879048588547199 -1 2023-11-04T18:33:08Z
50.016584317665554 19.879042803272046 -1 2023-11-04T18:45:43Z
50.016580099126479 19.879038907595834 -1 2023-11-04T19:02:37Z
50.016664136855454 19.878997461832689 -1 2023-11-04T19:19:25Z
50.016684176433209 19.878981792172048 -1 2023-11-04T19:34:49Z
50.016688731397608 19.878982506576463 -1 2023-11-04T19:41:59Z
50.016639812910007 19.879008220584275 -1 2023-11-04T19:58:03Z
50.016716740743561 19.8790229386398 -1 2023-11-04T20:19:45Z
50.016715619485929 19.879021958652633 -1 2023-11-04T20:33:49Z
50.016714790855829 19.879022719074854 -1 2023-11-04T20:48:32Z
50.016715315316752 19.879023310573945 -1 2023-11-04T21:02:48Z
50.016688778517477 19.879012959433492 -1 2023-11-04T21:02:48Z
50.016733156536105 19.879036057593581 -1 2023-11-04T21:32:53Z
50.016709058051433 19.879021050840258 -1 2023-11-04T21:42:46Z
50.016692564353278 19.879005151928254 -1 2023-11-04T22:09:10Z
50.016667972333934 19.87898650043363 -1 2023-11-04T22:19:00Z
50.016657919510983 19.878976508774048 -1 2023-11-04T22:30:44Z
