52.02057145918468 15.112089503820927 -1 2024-01-16T17:11:15Z
52.020507030976191 15.112146394854935 -1 2024-01-18T09:47:46Z
52.020565685392349 15.112094602170211 -1 2024-01-18T09:47:46Z
52.020508300000003 15.112145800000002 -1 2024-01-18T11:08:54Z
52.020555824641157 15.11210415402412 -1 2024-01-18T11:08:54Z
52.02055019448607 15.112109955554534 -1 2024-01-18T11:08:54Z
52.020508300000003 15.112145799999999 -1 2024-01-18T13:34:32Z
52.020508300000003 15.112145800000002 -1 2024-01-18T13:52:02Z
52.020540777443237 15.112118381834925 -1 2024-01-18T13:52:02Z
52.020535980766446 15.112122735072363 -1 2024-01-18T13:52:02Z
