50.011632106900336 19.978333173631331 -1 2023-11-13T22:34:04Z
50.011690278825775 19.978512468215754 -1 2023-11-13T23:30:04Z
50.011664967365348 19.978437108433099 -1 2023-11-14T00:00:28Z
50.011658166868934 19.978399394924491 -1 2023-11-14T00:13:42Z
50.011658246714703 19.978395845661478 -1 2023-11-14T00:39:55Z
50.01166396180421 19.978408810052613 -1 2023-11-14T00:58:48Z
50.011645463247781 19.97835898927314 -1 2023-11-14T00:58:48Z
50.011673963401158 19.978447810479661 -1 2023-11-14T01:46:59Z
50.011673021859771 19.978440845679778 -1 2023-11-14T02:20:22Z
50.011678143817427 19.978411043335065 -1 2023-11-14T02:58:24Z
50.011682090659434 19.978415418967355 -1 2023-11-14T03:16:09Z
50.01166357281307 19.978459701827266 -1 2023-11-14T04:03:56Z
50.011677937840794 19.978437597275299 -1 2023-11-14T04:12:06Z
50.011674037255283 19.978441042012079 -1 2023-11-14T04:41:48Z
50.011675942290864 19.978475884389646 -1 2023-11-14T05:35:25Z
50.011648040895722 19.978369880170121 -1 2023-11-14T05:40:17Z
50.011344076648037 19.977056692633205 -1 2023-11-14T06:26:29Z
50.011667455688986 19.97839053375225 -1 2023-11-14T06:46:25Z
50.011671902364291 19.97842251964008 -1 2023-11-14T07:25:17Z
50.011672304511457 19.978439610075871 -1 2023-11-14T07:54:33Z
50.0116731942068 19.978435220359305 -1 2023-11-14T08:28:29Z
50.011670276063178 19.978419988576292 -1 2023-11-14T08:50:00Z
50.011676675570122 19.978472811341305 -1 2023-11-14T08:51:14Z
50.011668587552471 19.978451504057851 -1 2023-11-14T08:52:12Z
50.011669040994825 19.978419340620661 -1 2023-11-14T08:52:12Z
50.011668395479148 19.978415266487239 -1 2023-11-14T09:01:52Z
50.011669012567921 19.978419161205949 -1 2023-11-14T09:01:52Z
50.011669032146528 19.978417671295166 -1 2023-11-14T09:01:52Z
50.011675037405801 19.978575735629175 -1 2023-11-14T09:06:52Z
50.011666791908461 19.978422623172293 -1 2023-11-14T09:06:52Z
50.011666711681492 19.978422991228676 -1 2023-11-14T09:06:52Z
50.011669195725304 19.978432278667551 -1 2023-11-14T09:21:45Z
50.011666916777486 19.978423758049328 -1 2023-11-14T09:21:45Z
50.011666019462531 19.978421579943728 -1 2023-11-14T09:21:45Z
50.011683118998313 19.978431421912013 -1 2023-11-14T09:40:41Z
50.011718478728532 19.978407325235398 -1 2023-11-14T09:50:40Z
50.011712105289774 19.978421901147762 -1 2023-11-14T10:05:42Z
50.011709737343601 19.978416385779568 -1 2023-11-14T10:14:55Z
50.011713845003371 19.97841442468869 -1 2023-11-14T10:37:10Z
50.011704130313433 19.978406417914989 -1 2023-11-14T10:47:32Z
50.011695738510205 19.978400417722732 -1 2023-11-14T11:06:29Z
50.011686463191111 19.978416735715275 -1 2023-11-14T11:09:23Z
50.01169370474225 19.978408160395357 -1 2023-11-14T11:16:32Z
50.011684069546746 19.978421352856309 -1 2023-11-14T11:37:12Z
50.011714806198626 19.978404739654319 -1 2023-11-14T11:40:25Z
50.011690773824178 19.978423680996581 -1 2023-11-14T11:55:26Z
50.011691761605498 19.978405451685639 -1 2023-11-14T12:08:01Z
50.011696923258462 19.978417095088446 -1 2023-11-14T12:08:01Z
50.011692451567356 19.978395491489877 -1 2023-11-14T12:16:28Z
50.011700463122068 19.97841371930215 -1 2023-11-14T12:16:28Z
50.011704876218786 19.978425757939458 -1 2023-11-14T12:41:07Z
50.011709083912393 19.978428494079342 -1 2023-11-14T12:47:54Z
50.011717807293572 19.978458550480333 -1 2023-11-14T13:09:28Z
50.011711258716019 19.978442484086628 -1 2023-11-14T13:23:40Z
50.011713722722789 19.978418113417181 -1 2023-11-14T13:42:58Z
50.011700125480935 19.978422104096826 -1 2023-11-14T13:47:01Z
50.011670273906788 19.978522174625002 -1 2023-11-14T13:48:09Z
50.011670273906788 19.978522174625002 -1 2023-11-14T13:49:24Z
50.011699494957035 19.978432157232099 -1 2023-11-14T13:49:24Z

