52.143375141808107 21.052185329050353 -1 2024-01-08T22:10:23Z
52.143338799999981 21.052197400000001 -1 2024-01-08T22:56:17Z
52.143367686547116 21.052186736908315 -1 2024-01-08T22:56:17Z
52.143362911199866 21.052187104600488 -1 2024-01-08T22:56:17Z
52.143338799999981 21.052197399999997 -1 2024-01-09T05:47:35Z
52.143338799999988 21.052197400000001 -1 2024-01-09T06:00:26Z
52.143354744307388 21.052189149775813 -1 2024-01-09T06:00:26Z
52.143350394606877 21.052189460743676 -1 2024-01-09T06:00:26Z
52.143343295519124 21.052192329162136 -1 2024-01-09T11:20:28Z
52.143343796463689 21.05218464582839 -1 2024-01-09T11:47:11Z
52.14334567949598 21.052190401438757 -1 2024-01-09T11:47:11Z
52.143343434016352 21.052181605930279 -1 2024-01-09T13:17:25Z
52.143343531684224 21.052181273049779 -1 2024-01-09T13:35:05Z
52.143341716114691 21.052190609247486 -1 2024-01-09T13:35:05Z
52.143341445705921 21.052191084462077 -1 2024-01-09T13:35:05Z
52.143343673591694 21.052180789387904 -1 2024-01-09T15:25:20Z
52.143338799999988 21.052197400000001 -1 2024-01-09T15:58:17Z
52.143338800000002 21.052197400000001 -1 2024-01-09T16:09:11Z
52.143338799999988 21.052197400000001 -1 2024-01-09T16:49:21Z
52.143338800000002 21.052197400000001 -1 2024-01-09T17:11:44Z
52.143338799999981 21.052197400000001 -1 2024-01-09T17:39:30Z
52.143338799999988 21.052197400000004 -1 2024-01-09T18:21:12Z
52.143338799999974 21.052197400000008 -1 2024-01-09T18:49:12Z
52.143338799999974 21.052197400000004 -1 2024-01-09T19:14:55Z
52.143340348529236 21.052192474873092 -1 2024-01-09T19:14:55Z
52.143338799999981 21.052197400000001 -1 2024-01-09T19:55:42Z
52.143338799999988 21.052197400000001 -1 2024-01-09T20:12:58Z
52.143338799999988 21.052197400000001 -1 2024-01-09T20:42:09Z
52.143338799999981 21.052197400000001 -1 2024-01-09T21:31:25Z
52.143338800000002 21.052197400000001 -1 2024-01-09T22:11:08Z
