52.053897699999993 15.095222299999996 -1 2024-01-18T11:06:24Z
51.383966999999984 16.199287599999998 -1 2024-01-23T12:08:46Z
51.383957559213584 16.199314272399153 -1 2024-01-23T12:35:14Z
51.384541664664084 16.201371885313023 -1 2024-01-23T13:08:11Z
51.3843125 16.199439300000002 -1 2024-01-23T14:32:37Z
51.383990064250547 16.19931138897676 -1 2024-01-23T14:32:37Z
51.384050744673203 16.199512126057932 -1 2024-01-23T15:05:14Z
51.384009483431399 16.199375629443182 -1 2024-01-23T15:05:14Z
51.383985973061463 16.199439197163027 -1 2024-01-23T18:38:12Z
51.384003753516815 16.19939112209385 -1 2024-01-23T18:38:12Z
51.959471200000003 15.4659622 -1 2024-01-23T19:37:39Z
