51.114584933003471 16.991971440785015 -1 2024-02-02T21:32:19Z
51.114608058845803 16.991970638731729 -1 2024-02-03T04:17:56Z
51.114586757959671 16.991971377491691 -1 2024-02-03T04:17:56Z
51.114617591225681 16.991967034189781 -1 2024-02-03T04:17:56Z
51.114607026854806 16.991970748806612 -1 2024-02-03T06:47:59Z
51.114616733916947 16.991967335634527 -1 2024-02-03T06:47:59Z
51.114636367134032 16.991966585529589 -1 2024-02-03T06:53:52Z
51.114647350572859 16.99196582930001 -1 2024-02-03T06:53:52Z
51.114556911631546 16.992012133651524 -1 2024-02-03T12:16:57Z
51.114527541462948 16.992010946613455 -1 2024-02-03T12:25:50Z
51.114631244660309 16.991975217905722 -1 2024-02-03T12:25:50Z
51.114632147073635 16.991975860697785 -1 2024-02-03T12:25:50Z
51.114617041479036 16.991979707584768 -1 2024-02-03T12:38:48Z
51.114613110726729 16.991981097681673 -1 2024-02-03T12:38:48Z
51.114468105556362 16.992013275435948 -1 2024-02-03T19:10:53Z
51.11459634682646 16.991984817729556 -1 2024-02-03T19:10:53Z
51.114588880352414 16.99198661501806 -1 2024-02-03T19:10:53Z
51.114470602254109 16.99201269017129 -1 2024-02-03T19:34:31Z
51.114575699793889 16.991989520762054 -1 2024-02-03T19:34:31Z
51.114567106682237 16.991991569653113 -1 2024-02-03T19:34:31Z
51.114478029817796 16.992010982351456 -1 2024-02-03T19:53:07Z
51.114529183602862 16.992006161291492 -1 2024-02-03T20:05:55Z
51.114580075452466 16.991972652351844 -1 2024-02-03T20:18:40Z
51.114692771269084 16.991961588507632 -1 2024-02-03T20:38:18Z
51.114692799999986 16.991961599999993 -1 2024-02-03T20:54:40Z
51.114602814331761 16.991961551423945 -1 2024-02-03T21:18:58Z
51.114603122021968 16.991961551590034 -1 2024-02-03T21:25:47Z
51.114608351387254 16.991961554412942 -1 2024-02-03T21:49:55Z
51.114546491715402 16.991966347606542 -1 2024-02-03T22:11:11Z
51.114547974511837 16.991988718642176 -1 2024-02-03T22:11:11Z
51.114589564672968 16.991966339735054 -1 2024-02-03T22:27:55Z
