52.143339062882603 21.052196884861555 -1 2024-02-02T21:50:58Z
52.143340778907245 21.052185892148195 -1 2024-02-02T23:08:04Z
52.143339197653468 21.052196021530666 -1 2024-02-02T23:08:04Z
52.143339236448462 21.052195887047464 -1 2024-02-02T23:08:04Z
52.143340638955671 21.052186706002676 -1 2024-02-03T09:47:00Z
52.143339351338753 21.052195134956783 -1 2024-02-03T09:47:00Z
52.143337494502951 21.052194684017664 -1 2024-02-03T10:47:59Z
52.143337424210301 21.05219453777941 -1 2024-02-03T11:07:15Z
52.143337606716308 21.052194917468587 -1 2024-02-03T11:47:39Z
52.143338782269417 21.052197311894567 -1 2024-02-03T12:19:10Z
52.143341039399246 21.05219435595345 -1 2024-02-03T12:47:17Z
52.143339380012478 21.052193032480886 -1 2024-02-03T12:47:17Z
52.143339437643789 21.052192598514647 -1 2024-02-03T12:47:17Z
52.143341039399246 21.05219435595345 -1 2024-02-03T15:42:34Z
52.143339593953002 21.052192770016401 -1 2024-02-03T15:42:34Z
52.143339667138029 21.05219234323355 -1 2024-02-03T15:42:34Z
52.143341039399232 21.052194355953453 -1 2024-02-03T16:07:05Z
52.143339799308734 21.052192537090658 -1 2024-02-03T16:07:05Z
52.14333975455385 21.052192104210079 -1 2024-02-03T16:07:05Z
