50.011655801107366 19.978333472739845 -1 2023-11-04T22:45:53Z
50.011655801121279 19.978333471191519 -1 2023-11-04T23:01:08Z
50.011623378090142 19.978363041778906 -1 2023-11-04T23:16:23Z
50.011667016139569 19.978391989904917 -1 2023-11-04T23:22:18Z
50.011688258959879 19.978454806646681 -1 2023-11-04T23:22:54Z
50.011669824305066 19.978400293868965 -1 2023-11-04T23:22:54Z
50.011651993173579 19.978363147940602 -1 2023-11-05T02:27:01Z
50.011695918995301 19.978421215322758 -1 2023-11-05T11:15:35Z
50.011686827527349 19.978346322856503 -1 2023-11-05T11:16:55Z
50.011673119304156 19.978380696042755 -1 2023-11-05T11:16:55Z
50.011651992169611 19.978322983425713 -1 2023-11-05T11:20:31Z
50.011670431658331 19.978380707127975 -1 2023-11-05T11:20:31Z
50.011651992169611 19.978322983425713 -1 2023-11-05T11:24:00Z
50.011666282307161 19.978380325128054 -1 2023-11-05T11:24:00Z
50.011651991098482 19.978322982739286 -1 2023-11-05T11:27:45Z
50.011651991098482 19.978322982739286 -1 2023-11-05T11:29:00Z
50.011651991098482 19.978322982739286 -1 2023-11-05T11:30:15Z
50.011651991402495 19.978322979098674 -1 2023-11-05T11:35:30Z
50.011690715559773 19.978544979555124 -1 2023-11-05T11:40:45Z
50.011651991249146 19.978322981999693 -1 2023-11-05T11:46:00Z
50.011651991511734 19.978322977446815 -1 2023-11-05T11:51:15Z
50.011651991035855 19.978322982193777 -1 2023-11-05T11:56:32Z
50.01166811952956 19.978522596340955 -1 2023-11-05T12:01:45Z
50.011653900661301 19.978319168912293 -1 2023-11-05T12:07:00Z
50.011658474482417 19.978368129781568 -1 2023-11-05T12:12:15Z
50.011660635842176 19.978384376308131 -1 2023-11-05T12:17:30Z
50.011651990948394 19.978322979028849 -1 2023-11-05T12:32:45Z
50.011651992394377 19.978322976511333 -1 2023-11-05T12:48:00Z
50.011651991964918 19.978322980745233 -1 2023-11-05T13:03:15Z
50.0116519908524 19.978322979419858 -1 2023-11-05T13:18:30Z
50.011651991246445 19.978322980353571 -1 2023-11-05T13:33:45Z
50.011674567233172 19.978419570015681 -1 2023-11-05T13:49:00Z
50.011676502264869 19.978425927712621 -1 2023-11-05T14:03:58Z
50.011690637359557 19.978570152757172 -1 2023-11-05T14:19:30Z
50.011651992319962 19.978322979806947 -1 2023-11-05T14:35:00Z
50.011651991498923 19.978322982130454 -1 2023-11-05T14:50:00Z
50.011651992145815 19.97832298172284 -1 2023-11-05T15:05:15Z
50.01165199164609 19.978322979561057 -1 2023-11-05T15:20:30Z
50.011651991654752 19.978322979371516 -1 2023-11-05T15:35:45Z
50.011651991174361 19.978322981191656 -1 2023-11-05T15:51:00Z
50.01170383540051 19.97844124795591 -1 2023-11-05T16:06:26Z
50.011731115724885 19.978476412373258 -1 2023-11-05T16:21:30Z
50.011700265407306 19.978485268733571 -1 2023-11-05T16:30:54Z
50.011651993071062 19.978322979156388 -1 2023-11-05T16:52:00Z
50.011651992729902 19.978322979145343 -1 2023-11-05T17:07:15Z
50.011676229489566 19.978432469722332 -1 2023-11-05T17:10:47Z
50.011651992051256 19.978322984501052 -1 2023-11-05T17:37:45Z
50.011651996952416 19.978322976947151 -1 2023-11-05T17:53:00Z
50.011651991263101 19.978322982765565 -1 2023-11-05T18:08:15Z
50.011715027437255 19.978438965638961 -1 2023-11-05T18:23:30Z
50.011688736113939 19.978374964456229 -1 2023-11-05T18:38:45Z
50.011721395305749 19.978544875809899 -1 2023-11-05T18:54:00Z
50.011651990869659 19.978322979762869 -1 2023-11-05T19:09:15Z
50.011713686100904 19.978424047012243 -1 2023-11-05T19:22:12Z
50.01167923608012 19.978419127776789 -1 2023-11-05T19:22:12Z
50.011651990918274 19.978322980729875 -1 2023-11-05T19:55:00Z
50.011651993400271 19.978322983776589 -1 2023-11-05T20:10:15Z
50.011651990652659 19.978322983447967 -1 2023-11-05T20:25:30Z
50.011690993730745 19.978557267295226 -1 2023-11-05T20:25:44Z
50.011696221250332 19.978463275868368 -1 2023-11-05T20:40:45Z
50.011684669060386 19.978558394378567 -1 2023-11-05T20:56:00Z
50.011676707409045 19.978414538279253 -1 2023-11-05T21:11:15Z
52.023500475008525 15.113897025009456 -1 2023-12-04T15:06:01Z
