50.011737625086077 19.978419685628165 -1 2024-01-19T22:30:25Z
50.011737270719159 19.97842162892746 -1 2024-01-19T22:48:47Z
50.011737653662152 19.978413438491216 -1 2024-01-19T23:05:38Z
50.011738253799685 19.978406511200959 -1 2024-01-19T23:26:39Z
50.011721377284026 19.978414544055813 -1 2024-01-19T23:26:39Z
50.011738955443114 19.978416680098618 -1 2024-01-20T00:07:13Z
50.011735086117177 19.97841967210265 -1 2024-01-20T00:29:56Z
50.011735105458527 19.978417915290045 -1 2024-01-20T01:04:23Z
50.011738717566885 19.978412363819377 -1 2024-01-20T01:21:42Z
50.011732968557929 19.978443142788258 -1 2024-01-20T02:05:02Z
50.011732589211597 19.978442209859193 -1 2024-01-20T02:38:04Z
50.011727635216872 19.978439313023976 -1 2024-01-20T03:11:50Z
50.011734394482225 19.978439452979853 -1 2024-01-20T03:46:16Z
50.011746045540498 19.978420227798694 -1 2024-01-20T04:34:57Z
50.011732251363604 19.978416088458246 -1 2024-01-20T04:45:08Z
50.011733042429377 19.978386777095203 -1 2024-01-20T05:07:42Z
50.01173389312904 19.978384551751951 -1 2024-01-20T05:43:42Z
50.011734638227402 19.978379611039223 -1 2024-01-20T06:17:58Z
50.011734421820776 19.978379920178636 -1 2024-01-20T06:52:13Z
50.011728744241154 19.978412724288813 -1 2024-01-20T06:52:13Z
50.011739436083367 19.978384962736513 -1 2024-01-20T07:08:17Z
50.011728416792181 19.978409926692173 -1 2024-01-20T07:08:17Z
50.011739617187331 19.978391403174765 -1 2024-01-20T07:24:46Z
50.011729313345427 19.978408443948574 -1 2024-01-20T07:24:46Z
50.011729039292149 19.978405842371888 -1 2024-01-20T07:24:46Z
50.011737211934282 19.978404668873274 -1 2024-01-20T07:35:02Z
50.01172968681459 19.978405749395034 -1 2024-01-20T07:35:02Z
50.011737076245964 19.978407064692018 -1 2024-01-20T07:50:58Z
50.011730051559098 19.978403352971661 -1 2024-01-20T07:50:58Z
50.011730229187478 19.978400709495979 -1 2024-01-20T07:50:58Z
50.011734910170013 19.978409114626341 -1 2024-01-20T08:00:40Z
50.011730024866651 19.978409475266915 -1 2024-01-20T08:17:12Z
50.01173029388287 19.978399453921465 -1 2024-01-20T08:17:12Z
50.011729591031397 19.978414977566935 -1 2024-01-20T08:34:46Z
50.011727802219845 19.978406207001505 -1 2024-01-20T09:11:03Z
50.011731493514382 19.978406482206971 -1 2024-01-20T09:11:35Z
50.011736387321093 19.978410670066353 -1 2024-01-20T09:29:33Z
50.011734598511886 19.978417316792545 -1 2024-01-20T09:46:58Z
50.011728893868401 19.978404896006026 -1 2024-01-20T09:46:58Z
50.011731625134018 19.978421731986952 -1 2024-01-20T10:03:30Z
50.011728672289941 19.9784080759636 -1 2024-01-20T10:03:30Z
50.011727774576364 19.978410003634167 -1 2024-01-20T10:03:30Z
