52.020637299999997 15.111899499999996 -1 2024-01-25T15:44:50Z
51.383699299999989 16.199819300000001 -1 2024-01-28T09:58:56Z
51.383612965574997 16.199801982900986 -1 2024-01-28T10:01:45Z
51.383899422481946 16.199729478865528 -1 2024-01-28T10:44:30Z
51.383755932092477 16.199774425952967 -1 2024-01-28T10:44:30Z
51.383774063308557 16.199516671778714 -1 2024-01-28T11:54:13Z
51.380844699999983 16.202036400000004 -1 2024-01-28T12:21:33Z
51.380921199999989 16.197790999999992 -1 2024-01-28T13:35:03Z
51.380721581738797 16.1984749677219 -1 2024-01-28T13:35:57Z
51.380812546696013 16.198163289783839 -1 2024-01-28T13:35:57Z
51.383792800000002 16.199300600000001 -1 2024-01-28T13:49:05Z
51.383846426964638 16.199480887094754 -1 2024-01-28T18:14:09Z
51.383841310134009 16.19946368489672 -1 2024-01-28T18:14:09Z
51.469526000000002 16.102868000000001 -1 2024-01-28T18:28:02Z
51.8447168 15.672561799999999 -1 2024-01-28T18:57:22Z
51.961247799999981 15.499498799999998 -1 2024-01-28T19:11:45Z
