52.143338800000002 21.052197400000004 -1 2024-01-22T22:24:19Z
52.1433401916441 21.052192130355941 -1 2024-01-22T22:24:19Z
52.14333950150867 21.052193390611251 -1 2024-01-22T22:24:19Z
52.143338799999981 21.052197400000001 -1 2024-01-22T23:20:26Z
52.143338799999981 21.052197400000001 -1 2024-01-22T23:32:53Z
52.143339439559632 21.052193748106458 -1 2024-01-22T23:32:53Z
52.143339502184119 21.052193394363083 -1 2024-01-22T23:32:53Z
52.143339688397937 21.052192501484516 -1 2024-01-23T02:06:21Z
52.143339931684011 21.052192518804755 -1 2024-01-23T02:06:21Z
52.143341677539055 21.05218296372847 -1 2024-01-23T09:28:22Z
52.14334169079757 21.052182897212024 -1 2024-01-23T09:30:58Z
52.143341993538456 21.052181378396373 -1 2024-01-23T09:41:42Z
52.143342073842796 21.052180975518858 -1 2024-01-23T09:43:14Z
52.14334114264723 21.052190286106974 -1 2024-01-23T09:43:14Z
52.143342261082573 21.052180036158671 -1 2024-01-23T10:03:16Z
52.143338799999981 21.052197400000001 -1 2024-01-23T10:14:23Z
52.143338800000002 21.052197400000001 -1 2024-01-23T10:30:45Z
52.143340277220851 21.052189988959828 -1 2024-01-23T10:30:45Z
52.143338800000002 21.052197400000001 -1 2024-01-23T10:39:04Z
52.143338800000002 21.052197400000001 -1 2024-01-23T11:05:32Z
52.143340281978453 21.052189965091515 -1 2024-01-23T11:05:32Z
52.143338799999988 21.052197400000004 -1 2024-01-23T11:32:33Z
52.143338799999988 21.052197400000001 -1 2024-01-23T11:48:55Z
52.143338799999988 21.052197400000001 -1 2024-01-23T12:00:46Z
52.143338799999988 21.052197400000001 -1 2024-01-23T12:20:02Z
52.143338799999988 21.052197400000001 -1 2024-01-23T12:32:39Z
52.143339306515365 21.052194858873339 -1 2024-01-23T12:32:39Z
52.143338799999981 21.052197400000001 -1 2024-01-23T12:55:06Z
52.143338799999981 21.052197400000001 -1 2024-01-23T13:11:18Z
52.143338799999988 21.052197400000004 -1 2024-01-23T13:27:17Z
52.143338799999981 21.052197400000001 -1 2024-01-23T13:41:55Z
52.143338799999974 21.052197399999994 -1 2024-01-23T13:58:10Z
52.143338799999988 21.052197400000001 -1 2024-01-23T13:58:10Z
52.143338799999981 21.052197400000001 -1 2024-01-23T14:34:41Z
52.143338799999988 21.052197400000001 -1 2024-01-23T14:58:26Z
52.143338799999981 21.052197400000001 -1 2024-01-23T14:58:26Z
52.143338799999981 21.052197400000001 -1 2024-01-23T15:20:18Z
52.143338799999981 21.052197400000001 -1 2024-01-23T15:37:45Z
52.143338799999981 21.052197400000001 -1 2024-01-23T16:01:11Z
52.143338800000002 21.052197400000001 -1 2024-01-23T16:22:41Z
52.143338799999988 21.052197400000004 -1 2024-01-23T16:22:41Z
52.143338800000002 21.052197399999997 -1 2024-01-23T16:43:47Z
52.143338799999988 21.052197400000001 -1 2024-01-23T16:43:47Z
52.143338799999988 21.052197400000001 -1 2024-01-23T17:08:08Z
52.143338799999981 21.052197400000001 -1 2024-01-23T17:28:03Z
52.143338799999981 21.052197400000001 -1 2024-01-23T17:52:05Z
52.143338799999988 21.052197400000001 -1 2024-01-23T18:13:11Z
52.143338800000002 21.052197400000001 -1 2024-01-23T18:34:19Z
52.143338799999988 21.052197400000001 -1 2024-01-23T18:34:19Z
52.143338799999981 21.052197400000001 -1 2024-01-23T18:54:47Z
52.143338799999988 21.052197400000001 -1 2024-01-23T18:54:47Z
52.143338799999995 21.052197400000001 -1 2024-01-23T18:54:47Z
52.143338799999974 21.052197400000004 -1 2024-01-23T19:00:55Z
52.143338799999981 21.052197400000001 -1 2024-01-23T19:00:55Z
52.143338799999974 21.052197400000004 -1 2024-01-23T19:39:11Z
52.143338799999974 21.052197400000008 -1 2024-01-23T19:56:07Z
52.143338799999981 21.052197400000011 -1 2024-01-23T20:12:45Z
52.143338799999988 21.052197400000001 -1 2024-01-23T20:12:45Z
52.143338799999988 21.052197399999997 -1 2024-01-23T20:33:22Z
52.143338799999981 21.052197400000001 -1 2024-01-23T20:53:52Z
52.143338799999981 21.052197399999997 -1 2024-01-23T20:53:52Z
52.143338799999981 21.052197400000001 -1 2024-01-23T20:53:52Z
52.143338799999981 21.052197400000001 -1 2024-01-23T21:42:49Z
52.143338800000002 21.052197400000001 -1 2024-01-23T22:05:29Z
52.143338799999981 21.052197400000001 -1 2024-01-23T22:24:27Z
52.143338799999981 21.052197399999997 -1 2024-01-23T22:24:27Z
