52.020714899999987 15.111755099999993 -1 2024-01-22T14:57:59Z
52.019485999999986 15.125888700000001 -1 2024-01-23T08:44:28Z
51.897465699999991 15.601380499999994 -1 2024-01-23T09:16:46Z
51.383980832072005 16.199337573097488 -1 2024-01-23T09:59:50Z
51.382734599999999 16.199233400000001 -1 2024-01-23T12:11:46Z
51.384310300000003 16.202717699999997 -1 2024-01-23T12:28:08Z
51.379636399999981 16.209781099999997 -1 2024-01-23T12:40:25Z
51.384599699999995 16.201188500000001 -1 2024-01-23T13:08:10Z
51.384093299999996 16.199690100000002 -1 2024-01-23T14:09:55Z
51.384112739672368 16.199607594940108 -1 2024-01-23T15:05:06Z
51.384192384349852 16.199540495750377 -1 2024-01-23T15:29:31Z
51.384250110146532 16.199491862651982 -1 2024-01-23T15:40:18Z
51.384162328311554 16.199585661044232 -1 2024-01-23T15:40:18Z
51.384246913581805 16.199458631266236 -1 2024-01-23T17:00:30Z
51.384179197116048 16.199560327603646 -1 2024-01-23T17:00:30Z
51.38419169439539 16.199424891362938 -1 2024-01-23T18:40:33Z
51.384181447594713 16.199535938716338 -1 2024-01-23T18:40:33Z
51.7146191 15.7452699 -1 2024-01-23T19:14:27Z
51.9609807 15.498877199999995 -1 2024-01-23T19:35:26Z
51.959471200000003 15.4659622 -1 2024-01-23T19:37:37Z
