50.011655801028354 19.978333474629018 -1 2023-11-02T12:43:20Z
50.011647358242563 19.978346607747842 -1 2023-11-02T12:44:35Z
50.011646769305635 19.978343164913515 -1 2023-11-02T12:45:50Z
50.011645937382369 19.978344057497491 -1 2023-11-02T12:45:50Z
50.011655800951218 19.97833346991542 -1 2023-11-02T12:48:27Z
50.011655800951218 19.97833346991542 -1 2023-11-02T12:49:35Z
50.011655800951218 19.97833346991542 -1 2023-11-02T12:50:50Z
50.011655800951218 19.97833346991542 -1 2023-11-02T12:52:05Z
50.01166633609779 19.978472332422381 -1 2023-11-02T12:53:27Z
50.01166633609779 19.978472332422381 -1 2023-11-02T12:54:35Z
50.011655800396163 19.978333469912755 -1 2023-11-02T12:55:50Z
50.011655800396163 19.978333469912755 -1 2023-11-02T12:57:05Z
50.011645937324133 19.978344057063072 -1 2023-11-02T12:57:05Z
50.011655800396163 19.978333469912755 -1 2023-11-02T12:59:35Z
50.011645937324133 19.978344057063072 -1 2023-11-02T12:59:35Z
50.011696100594378 19.978427663361185 -1 2023-11-02T13:15:24Z
50.011655797359246 19.978333458559838 -1 2023-11-02T13:21:06Z
50.01167699646939 19.978551208981052 -1 2023-11-02T13:26:39Z
50.011649443441371 19.978361429965993 -1 2023-11-02T13:26:39Z
50.011697571763619 19.978402259248899 -1 2023-11-02T13:37:21Z
50.011653418539439 19.978364802205547 -1 2023-11-02T13:37:21Z
50.011652895602268 19.978348495672652 -1 2023-11-02T13:37:21Z
50.011660695744581 19.978359364924763 -1 2023-11-02T13:50:38Z
50.011652265958503 19.978349474450471 -1 2023-11-02T13:50:38Z
50.011651271253939 19.978344716615034 -1 2023-11-02T14:19:37Z
50.011726368847391 19.978478995315747 -1 2023-11-02T14:50:10Z
50.01165642326761 19.978361529614496 -1 2023-11-02T14:50:10Z
50.011666889416496 19.978361289149579 -1 2023-11-02T16:01:14Z
50.011657253975507 19.978361510528575 -1 2023-11-02T16:01:14Z
50.011733226228422 19.978372413713174 -1 2023-11-02T16:38:10Z
50.011658997546704 19.978354209152446 -1 2023-11-02T16:38:10Z
50.011764599999985 19.975991599999997 -1 2023-11-02T17:08:59Z
50.009778533026953 19.963487865164456 -1 2023-11-02T17:15:25Z
50.009730424104127 19.963470326326547 -1 2023-11-02T17:27:03Z
50.048566399999999 19.982286799999994 -1 2023-11-02T17:52:40Z
50.058394671829888 19.999573409139753 -1 2023-11-02T18:22:30Z
50.050033799999987 19.983805199999999 -1 2023-11-02T18:35:47Z
50.02334239999999 19.981066999999999 -1 2023-11-02T18:51:43Z
50.023279829952948 19.981147419328956 -1 2023-11-02T18:51:47Z
50.023263821067879 19.981121310142498 -1 2023-11-02T18:52:35Z
50.023296961991427 19.981112284630864 -1 2023-11-02T18:52:35Z
50.011655802012179 19.978333471054622 -1 2023-11-02T21:16:01Z
