52.143454802670362 21.052143993258326 -1 2024-01-06T22:19:13Z
52.143449553590486 21.052140736037657 -1 2024-01-06T23:17:50Z
52.143451988057024 21.052133572653002 -1 2024-01-06T23:51:01Z
52.143459165968828 21.052094784449906 -1 2024-01-06T23:51:01Z
52.143445399424259 21.052152959610513 -1 2024-01-07T00:49:38Z
52.143445652407017 21.052152215212637 -1 2024-01-07T01:02:37Z
52.143438645790134 21.052172832066493 -1 2024-01-07T01:40:42Z
52.143452733872124 21.052121656039954 -1 2024-01-07T01:40:42Z
52.143453676857099 21.052118607156132 -1 2024-01-07T01:40:42Z
52.143440884016499 21.052166447677738 -1 2024-01-07T06:37:51Z
52.143446291955478 21.052150652953458 -1 2024-01-07T07:08:34Z
52.143458995537529 21.0521073491816 -1 2024-01-07T07:49:04Z
52.143449981879556 21.052138978320258 -1 2024-01-07T07:49:04Z
52.143447739849371 21.052149780745459 -1 2024-01-07T07:49:04Z
52.143461251224139 21.052100169210391 -1 2024-01-07T10:25:01Z
52.143472352354806 21.052137649810501 -1 2024-01-07T10:53:39Z
52.143451192360956 21.052142738980713 -1 2024-01-07T10:53:39Z
52.143457905637966 21.052188644723671 -1 2024-01-07T11:13:47Z
52.143457064102961 21.052188373957396 -1 2024-01-07T12:00:02Z
52.14345641285545 21.052188164416663 -1 2024-01-07T12:26:26Z
52.143435699999998 21.0521815 -1 2024-01-07T12:58:00Z
52.143435699999984 21.0521815 -1 2024-01-07T13:21:41Z
52.14344686125456 21.052186130024356 -1 2024-01-07T13:57:37Z
52.14346682902309 21.052184410077377 -1 2024-01-07T14:28:56Z
52.143464648940828 21.052184206273612 -1 2024-01-07T14:59:35Z
52.143453078181473 21.052179872977845 -1 2024-01-07T15:20:42Z
52.143452893722333 21.052179890247722 -1 2024-01-07T15:51:26Z
52.143435699999998 21.05218150000001 -1 2024-01-07T16:28:45Z
52.143435700000005 21.0521815 -1 2024-01-07T16:59:24Z
52.143435699999998 21.0521815 -1 2024-01-07T17:05:17Z
52.143447547244683 21.052183060827527 -1 2024-01-07T17:05:17Z
52.143435700000005 21.052181500000003 -1 2024-01-07T18:33:00Z
52.143435699999998 21.0521815 -1 2024-01-07T18:45:34Z
52.143435699999991 21.052181500000003 -1 2024-01-07T19:32:30Z
52.143435699999998 21.052181500000003 -1 2024-01-07T19:48:20Z
52.143435699999998 21.052181500000007 -1 2024-01-07T19:59:34Z
52.143431207166714 21.052173816598547 -1 2024-01-07T20:07:20Z
52.143430881492996 21.05217325964901 -1 2024-01-07T21:21:28Z
52.143437782811738 21.052179957832951 -1 2024-01-07T21:21:28Z
52.143431033911881 21.052173520307498 -1 2024-01-07T21:48:26Z
52.143431335868037 21.052174036696591 -1 2024-01-07T22:27:12Z
