25.254369759835903 55.332625844962116 -1 2024-01-09T22:33:02Z
25.254320558006953 55.332555172529418 -1 2024-01-09T22:33:02Z
25.254323363672224 55.332562515590851 -1 2024-01-09T22:33:02Z
25.254404979023743 55.332581250151463 -1 2024-01-10T00:00:56Z
25.254328569931165 55.332563710671295 -1 2024-01-10T00:00:56Z
25.254331552188734 55.332572542374542 -1 2024-01-10T00:00:56Z
25.254384791168167 55.332566369773687 -1 2024-01-10T03:09:21Z
25.254335550599091 55.332572078793504 -1 2024-01-10T03:09:21Z
25.254337403392995 55.332576120923967 -1 2024-01-10T03:09:21Z
25.254387696785422 55.332571762910639 -1 2024-01-10T05:03:13Z
25.254341112325591 55.33257579953839 -1 2024-01-10T05:03:13Z
25.254348321468356 55.332580931441278 -1 2024-01-10T05:03:13Z
25.254385536071108 55.332572637254749 -1 2024-01-10T07:10:11Z
25.254398014695411 55.332580319056895 -1 2024-01-10T07:41:10Z
25.254380635277077 55.332598233436265 -1 2024-01-10T08:28:51Z
25.254363916479832 55.332587149591802 -1 2024-01-10T08:28:51Z
25.254368358530627 55.332590430947022 -1 2024-01-10T08:28:51Z
25.254379912688929 55.332589593025759 -1 2024-01-10T10:13:17Z
25.254384500090705 55.332590304357559 -1 2024-01-10T10:59:56Z
25.254374987196208 55.332593448902742 -1 2024-01-10T10:59:56Z
25.254379970466719 55.332592846751368 -1 2024-01-10T10:59:56Z
25.254369113387121 55.332601784480197 -1 2024-01-10T13:43:15Z
25.254379032681612 55.332593618751773 -1 2024-01-10T13:43:15Z
25.254368437674888 55.332615546966451 -1 2024-01-10T15:03:59Z
25.254358871177079 55.332616432141712 -1 2024-01-10T15:14:27Z
25.254379569317823 55.332594570538504 -1 2024-01-10T15:14:27Z
25.254381609859028 55.332590369607679 -1 2024-01-10T16:22:12Z
25.254380654471525 55.332591313479277 -1 2024-01-10T16:22:12Z
25.254378949717839 55.332592018753971 -1 2024-01-10T16:22:12Z
25.254361423235043 55.332636870849015 -1 2024-01-10T18:05:10Z
25.254377101036422 55.332596749724537 -1 2024-01-10T18:05:10Z
25.254393084590895 55.332613722033891 -1 2024-01-10T19:59:32Z
25.254357658920764 55.332579109661154 -1 2024-01-10T20:40:53Z
25.254375944742293 55.332601159819752 -1 2024-01-10T20:40:53Z
25.254378423388481 55.332563253911658 -1 2024-01-10T21:11:14Z
25.254396869318189 55.332562382098381 -1 2024-01-10T21:39:48Z
25.254397091312374 55.332563187722869 -1 2024-01-10T21:51:28Z
25.254424183852841 55.332559141629432 -1 2024-01-10T22:23:07Z
