52.143338729137689 21.052197766310165 -1 2024-01-29T22:24:39Z
52.143338997483781 21.052196246088236 -1 2024-01-29T22:48:45Z
52.143342082687226 21.05218016416795 -1 2024-01-29T22:52:19Z
52.143339273529349 21.052194682722767 -1 2024-01-29T22:52:19Z
52.143339316461947 21.052194436360452 -1 2024-01-29T22:52:19Z
52.143349060270225 21.052169822914063 -1 2024-01-30T06:27:12Z
52.143340026190408 21.05219264354443 -1 2024-01-30T06:27:12Z
52.143348510351132 21.052171300962222 -1 2024-01-30T06:30:00Z
52.143347778540708 21.052173267889749 -1 2024-01-30T07:12:51Z
52.143341497495705 21.052188689960307 -1 2024-01-30T07:12:51Z
52.143341749748053 21.052187875453566 -1 2024-01-30T07:12:51Z
52.143342215693266 21.052186815100647 -1 2024-01-30T13:58:34Z
52.143342555631847 21.052185761663985 -1 2024-01-30T13:58:34Z
52.143346908366873 21.052176265633133 -1 2024-01-30T14:36:01Z
52.143344879472288 21.052189364516014 -1 2024-01-30T14:53:23Z
52.143343461122662 21.052184164210857 -1 2024-01-30T14:53:23Z
52.143338799999981 21.052197400000001 -1 2024-01-30T15:05:18Z
52.143343511076687 21.052184022360688 -1 2024-01-30T15:05:18Z
52.143338799999988 21.052197399999997 -1 2024-01-30T15:53:51Z
52.143338799999988 21.052197400000001 -1 2024-01-30T15:55:43Z
52.143343610493957 21.052183864201481 -1 2024-01-30T15:55:43Z
52.143339124176549 21.052197101159031 -1 2024-01-30T16:18:53Z
52.143343875202184 21.052183941690956 -1 2024-01-30T16:18:53Z
52.143339118331269 21.052197106547464 -1 2024-01-30T16:34:55Z
52.143343491374374 21.052185003952097 -1 2024-01-30T16:34:55Z
52.143343617332391 21.052185436702324 -1 2024-01-30T16:34:55Z
52.143339092763561 21.052197130116969 -1 2024-01-30T17:00:34Z
52.143343226546094 21.05218644666094 -1 2024-01-30T17:00:34Z
52.143342738992153 21.052187835991326 -1 2024-01-30T17:00:34Z
52.143339053019098 21.052197166755249 -1 2024-01-30T17:27:33Z
52.143342395426444 21.052188705702264 -1 2024-01-30T17:27:33Z
52.143341868190284 21.05219020635931 -1 2024-01-30T17:27:33Z
52.143339033416233 21.052197184826099 -1 2024-01-30T17:47:44Z
52.143341594212387 21.052190880820792 -1 2024-01-30T17:47:44Z
52.143341032570206 21.052192480373833 -1 2024-01-30T17:47:44Z
52.143339026521922 21.052197191181595 -1 2024-01-30T18:06:44Z
52.143340837380926 21.052192938737299 -1 2024-01-30T18:06:44Z
52.143340242416471 21.05219456767508 -1 2024-01-30T18:06:44Z
52.143338799999995 21.052197400000001 -1 2024-01-30T18:32:24Z
52.143340102941288 21.052194841548189 -1 2024-01-30T18:32:24Z
52.143339466133355 21.052196579762072 -1 2024-01-30T18:32:24Z
52.143338799999995 21.052197400000001 -1 2024-01-30T19:09:07Z
52.143338799999988 21.052197400000001 -1 2024-01-30T19:21:50Z
52.143338800000002 21.052197400000001 -1 2024-01-30T19:32:10Z
52.143338799999988 21.052197400000001 -1 2024-01-30T19:55:23Z
52.143338930936835 21.052197279296344 -1 2024-01-30T19:55:23Z
52.143338929481232 21.052197280638186 -1 2024-01-30T20:14:21Z
52.143338799999988 21.052197400000001 -1 2024-01-30T20:23:29Z
52.143338799999981 21.052197400000001 -1 2024-01-30T20:56:29Z
52.143338882795071 21.052197323675653 -1 2024-01-30T20:56:29Z
52.143338800000002 21.052197400000001 -1 2024-01-30T21:18:11Z
52.143338860561315 21.052197344171763 -1 2024-01-30T21:18:11Z
52.143338799999988 21.052197400000001 -1 2024-01-30T21:26:44Z
52.143338799999988 21.052197400000001 -1 2024-01-30T22:04:26Z
52.143338820207731 21.052197381371581 -1 2024-01-30T22:04:26Z
52.143338800000002 21.052197400000001 -1 2024-01-30T22:25:57Z
52.143338800000002 21.052197400000001 -1 2024-01-30T22:45:53Z
