52.143338799999988 21.052197400000001 -1 2024-01-10T22:33:47Z
52.143338799999988 21.052197400000001 -1 2024-01-11T01:09:07Z
52.143338799999995 21.052197400000001 -1 2024-01-11T01:09:07Z
52.143338799999981 21.052197400000001 -1 2024-01-11T06:35:04Z
52.143338799999988 21.052197399999997 -1 2024-01-11T06:35:04Z
52.143338799999981 21.052197400000001 -1 2024-01-11T07:25:59Z
52.143338799999988 21.052197400000001 -1 2024-01-11T07:25:59Z
52.143323946500082 21.052191015370745 -1 2024-01-11T14:22:10Z
52.143337437663916 21.0521968144132 -1 2024-01-11T14:22:10Z
52.14332406686075 21.05218975921446 -1 2024-01-11T15:50:34Z
52.143336148202273 21.052196143862464 -1 2024-01-11T15:50:34Z
52.143334831467996 21.052195460144986 -1 2024-01-11T16:17:35Z
52.143322504716217 21.052182157776482 -1 2024-01-11T17:03:30Z
52.143339757540978 21.052182610235626 -1 2024-01-11T17:47:48Z
52.143339691021069 21.052183637674563 -1 2024-01-11T18:07:16Z
52.143339732399966 21.05218299855326 -1 2024-01-11T18:36:17Z
52.143333668636934 21.052191087769572 -1 2024-01-11T18:36:17Z
52.143338287599228 21.052190148699641 -1 2024-01-11T19:43:20Z
52.143338294426592 21.052190245317778 -1 2024-01-11T20:13:51Z
52.143338799999988 21.052197400000001 -1 2024-01-11T20:35:52Z
52.143333374693576 21.052189119118285 -1 2024-01-11T20:35:52Z
52.143351231723209 21.05218105588936 -1 2024-01-11T21:47:17Z
52.143351351191527 21.052180898823131 -1 2024-01-11T22:17:14Z
52.143338799999988 21.052197400000004 -1 2024-01-11T22:45:17Z
