52.020506908091107 15.112150436843624 -1 2024-01-15T08:21:47Z
52.020507095881541 15.112148248697544 -1 2024-01-16T05:47:23Z
52.020506925782719 15.112150230699731 -1 2024-01-16T05:47:23Z
52.02050910715294 15.112147892847096 -1 2024-01-16T07:11:39Z
52.020508889166102 15.112148110833926 -1 2024-01-16T07:33:24Z
52.020507211440282 15.112150147474967 -1 2024-01-16T07:33:24Z
52.020507246081003 15.112149980846519 -1 2024-01-16T07:33:24Z
52.020508857963137 15.112148142036895 -1 2024-01-16T08:57:28Z
52.020507370619562 15.112149838774911 -1 2024-01-16T08:57:28Z
52.020507426541279 15.112149609683266 -1 2024-01-16T08:57:28Z
52.020508116974106 15.112147976005433 -1 2024-01-16T17:11:05Z
52.020507480380147 15.112149482291624 -1 2024-01-16T17:11:05Z
52.020507548669492 15.112149255683455 -1 2024-01-16T17:11:05Z
