52.0207579 15.111941899999994 -1 2023-11-11T14:36:11Z
52.020755571216959 15.111944367650628 -1 2023-11-11T14:36:11Z
52.020755960905419 15.111943954724699 -1 2023-11-11T15:41:26Z
52.023664199999999 15.1142515 -1 2023-12-11T16:14:20Z
52.04829594127628 15.098148666178451 -1 2023-12-12T12:39:21Z
52.048191454456706 15.098203918602627 -1 2023-12-12T12:52:52Z
52.048258200239111 15.098168623595921 -1 2023-12-12T12:52:52Z
52.025234283602806 15.109931210856809 -1 2023-12-12T13:32:35Z
52.025204899015328 15.109989686177764 -1 2023-12-12T13:41:40Z
52.023751668244884 15.113484157960253 -1 2023-12-12T13:57:57Z
