52.143338799999974 21.052197400000001 -1 2024-01-23T22:14:16Z
52.143338799999981 21.052197400000001 -1 2024-01-23T22:47:32Z
52.143338799999988 21.052197400000001 -1 2024-01-23T23:03:14Z
52.143338799999988 21.052197400000001 -1 2024-01-23T23:13:48Z
52.143338799999974 21.052197399999997 -1 2024-01-23T23:13:48Z
52.143338799999988 21.052197400000001 -1 2024-01-23T23:32:40Z
52.143338799999974 21.052197400000001 -1 2024-01-23T23:32:40Z
52.143338799999988 21.052197400000001 -1 2024-01-23T23:59:35Z
52.143338799999974 21.052197400000001 -1 2024-01-23T23:59:35Z
52.143338799999974 21.052197400000004 -1 2024-01-23T23:59:35Z
52.143337367272231 21.05218524589289 -1 2024-01-24T04:04:20Z
52.143338693822031 21.052196499271485 -1 2024-01-24T04:04:20Z
52.143338682790215 21.052196405686388 -1 2024-01-24T04:04:20Z
52.143337305600504 21.052184722719804 -1 2024-01-24T09:49:56Z
52.143337268741263 21.052184410035952 -1 2024-01-24T10:17:36Z
52.143337120615442 21.052183153456735 -1 2024-01-24T10:34:18Z
52.143337016435176 21.052182269675878 -1 2024-01-24T10:59:01Z
52.143336937640981 21.052181601250066 -1 2024-01-24T11:47:20Z
52.143336781073707 21.0521802730605 -1 2024-01-24T12:24:08Z
52.143337880225189 21.052189597370777 -1 2024-01-24T12:24:08Z
52.143336884324611 21.052181148957107 -1 2024-01-24T13:18:43Z
52.143337139201698 21.052183311127351 -1 2024-01-24T13:39:39Z
52.143338799999988 21.052197400000001 -1 2024-01-24T14:26:19Z
52.143338799999988 21.052197400000001 -1 2024-01-24T14:47:57Z
52.143338799999981 21.052197400000001 -1 2024-01-24T15:02:17Z
52.143338799999974 21.052197400000008 -1 2024-01-24T15:41:48Z
52.143338799999974 21.052197400000004 -1 2024-01-24T15:43:33Z
52.14333792254422 21.052189956371425 -1 2024-01-24T15:43:33Z
52.143338799999981 21.052197400000001 -1 2024-01-24T16:30:20Z
52.143338009858397 21.052190697074387 -1 2024-01-24T16:30:20Z
52.143338081915239 21.052191308346544 -1 2024-01-24T16:30:20Z
52.143337872355119 21.052195032742823 -1 2024-01-24T18:39:20Z
52.143338062817911 21.052191647752831 -1 2024-01-24T18:39:20Z
52.143337852341865 21.052194981671054 -1 2024-01-24T19:00:28Z
52.143337792322818 21.052194828508444 -1 2024-01-24T19:21:12Z
52.14333778340108 21.052194805741042 -1 2024-01-24T19:43:56Z
52.143338224985307 21.052194456371172 -1 2024-01-24T19:43:56Z
52.14333781039327 21.052194874622412 -1 2024-01-24T20:08:43Z
52.143338279101975 21.052195361585692 -1 2024-01-24T20:08:43Z
52.143338367527058 21.052196296372209 -1 2024-01-24T20:08:43Z
52.14333773735067 21.052194688225015 -1 2024-01-24T20:29:35Z
52.143338318517813 21.052196171305528 -1 2024-01-24T20:29:35Z
52.143338277367668 21.052196066294464 -1 2024-01-24T20:29:35Z
52.143338799999981 21.052197400000001 -1 2024-01-24T20:54:35Z
52.143338318397674 21.05219617099895 -1 2024-01-24T20:54:35Z
52.143338276438193 21.052196063922548 -1 2024-01-24T20:54:35Z
52.143338799999974 21.052197400000008 -1 2024-01-24T21:21:39Z
52.143338799999988 21.052197400000004 -1 2024-01-24T21:42:13Z
52.143338270264472 21.052196048167819 -1 2024-01-24T21:42:13Z
52.143341852807275 21.052180703160378 -1 2024-01-24T22:00:35Z
52.14333856385187 21.052194790653392 -1 2024-01-24T22:00:35Z
52.143338540577425 21.052194533479724 -1 2024-01-24T22:00:35Z
52.143344179041655 21.05216798018451 -1 2024-01-24T22:23:11Z
52.143339030349921 21.05219222698895 -1 2024-01-24T22:23:11Z
52.143339053632751 21.052191704121842 -1 2024-01-24T22:23:11Z
52.143344267228748 21.052167497858836 -1 2024-01-24T22:39:35Z
52.143339507828365 21.0521895953331 -1 2024-01-24T22:39:35Z
