50.011651992487501 19.978322982239291 -1 2023-11-06T22:27:02Z
50.011671084176747 19.978434665351816 -1 2023-11-06T23:18:23Z
50.01166831319734 19.97843041834145 -1 2023-11-07T05:54:06Z
50.011654963020064 19.978390692939843 -1 2023-11-07T06:01:34Z
50.011669379900411 19.978427878411431 -1 2023-11-07T06:01:34Z
50.01166896866048 19.978432972915126 -1 2023-11-07T06:01:34Z
50.011669120098475 19.978388913468809 -1 2023-11-07T06:05:46Z
50.011670166327811 19.978435856051313 -1 2023-11-07T06:05:46Z
50.011670644699144 19.978437290419357 -1 2023-11-07T06:05:46Z
50.011653901825362 19.978319155210304 -1 2023-11-07T06:10:46Z
50.011670609391189 19.978437400248371 -1 2023-11-07T06:12:01Z
50.011671159922464 19.978441296558469 -1 2023-11-07T06:12:01Z
50.011651991054705 19.978322980648286 -1 2023-11-07T06:15:46Z
50.011670080279139 19.978435117856435 -1 2023-11-07T06:15:46Z
50.011694692920763 19.978483226857158 -1 2023-11-07T06:27:31Z
50.011651991383197 19.978322980134035 -1 2023-11-07T06:32:46Z
50.011671258725059 19.978440260858267 -1 2023-11-07T06:32:46Z
50.011651990680214 19.978322981049679 -1 2023-11-07T06:43:16Z
50.011670916022048 19.978437813773422 -1 2023-11-07T06:43:16Z
50.011679327195822 19.978322981469706 -1 2023-11-07T06:53:46Z
50.011651990027325 19.978322978608073 -1 2023-11-07T06:59:01Z
50.011674990217344 19.978453563408848 -1 2023-11-07T06:59:19Z
50.011651992014933 19.978322979685817 -1 2023-11-07T07:19:31Z
50.011676162213973 19.978455848580204 -1 2023-11-07T07:27:06Z
50.011675514289323 19.978449785303827 -1 2023-11-07T07:43:15Z
50.011674218282899 19.97845056332201 -1 2023-11-07T07:43:15Z
50.011675977019898 19.978459710178178 -1 2023-11-07T08:13:41Z
50.011670503459108 19.978432067210591 -1 2023-11-07T08:35:46Z
50.011683819879515 19.978457941686283 -1 2023-11-07T08:44:37Z
50.011686879662328 19.97850096347473 -1 2023-11-07T09:06:16Z
50.011620824006137 19.978356008146417 -1 2023-11-07T09:21:40Z
50.011682289966608 19.978441648442086 -1 2023-11-07T09:30:14Z
50.011681290385638 19.978397074974662 -1 2023-11-07T09:51:36Z
50.011678060494212 19.97840768691843 -1 2023-11-07T10:01:45Z
50.011677263476308 19.978446654658114 -1 2023-11-07T10:17:48Z
50.011651991375352 19.978322979806318 -1 2023-11-07T10:18:36Z
50.011678158337702 19.978445706367566 -1 2023-11-07T10:18:36Z
50.011677550601263 19.978442749345948 -1 2023-11-07T10:18:36Z
50.011717741570443 19.97848291566304 -1 2023-11-07T10:23:37Z
50.011678942610025 19.978442395463382 -1 2023-11-07T10:23:37Z
50.011651992081092 19.978322980121469 -1 2023-11-07T10:26:01Z
50.011677722867553 19.978441121597491 -1 2023-11-07T10:26:01Z
50.011677722867553 19.978441121597491 -1 2023-11-07T10:28:31Z
50.011651992081092 19.978322980121469 -1 2023-11-07T10:29:46Z
50.011700970329834 19.978518291345711 -1 2023-11-07T10:31:01Z
50.011679262647881 19.978447261806323 -1 2023-11-07T10:31:01Z
50.011679322900882 19.978445854479364 -1 2023-11-07T10:36:49Z
50.01167975175165 19.978443700744261 -1 2023-11-07T10:47:08Z
50.011651990962001 19.978322979508956 -1 2023-11-07T10:54:37Z
50.01167904231071 19.978432771114434 -1 2023-11-07T10:54:37Z
50.011678922435799 19.978431626454736 -1 2023-11-07T10:54:37Z
50.011675428433676 19.978414466600061 -1 2023-11-07T11:08:30Z
50.011681699900315 19.978434253687052 -1 2023-11-07T11:15:31Z
50.011681240866935 19.978421544311669 -1 2023-11-07T11:18:04Z
50.011681129730455 19.978433411723344 -1 2023-11-07T11:33:34Z
50.011682898405653 19.97842319088295 -1 2023-11-07T11:45:03Z
50.011678530654819 19.978431894148521 -1 2023-11-07T12:04:35Z
50.01165199158477 19.978322980244432 -1 2023-11-07T12:06:39Z
50.011673690728038 19.978415454962541 -1 2023-11-07T12:18:06Z
50.011677941461009 19.978417730103502 -1 2023-11-07T12:18:06Z
50.011677840773167 19.978418760677325 -1 2023-11-07T12:51:07Z
50.011651990756306 19.978322983689488 -1 2023-11-07T13:07:31Z
50.011680732854167 19.978417317965313 -1 2023-11-07T13:12:27Z
50.011695186187062 19.978483684218336 -1 2023-11-07T13:38:05Z
50.011687107177707 19.978412762859644 -1 2023-11-07T13:51:52Z
50.011680884827037 19.978423646728146 -1 2023-11-07T13:51:52Z
50.011651990788586 19.978322979190484 -1 2023-11-07T14:23:46Z
50.011688232217651 19.978440040772835 -1 2023-11-07T14:32:58Z
50.011674536931324 19.97841589422065 -1 2023-11-07T14:50:42Z
50.011675217247543 19.978419474587849 -1 2023-11-07T15:08:34Z
50.011678336178484 19.978413494393802 -1 2023-11-07T15:24:46Z
50.011680575494573 19.978403534708164 -1 2023-11-07T15:31:40Z
50.011690933657292 19.97841007194728 -1 2023-11-07T15:50:50Z
50.011733431093255 19.978528015395391 -1 2023-11-07T16:10:31Z
50.011697209442907 19.978403076174946 -1 2023-11-07T16:24:04Z
50.011685294758735 19.97841608767089 -1 2023-11-07T16:25:57Z
50.011688909532658 19.97842976223161 -1 2023-11-07T16:28:08Z
50.011689105658959 19.978431998218745 -1 2023-11-07T16:40:59Z
50.01168376839216 19.978412729138601 -1 2023-11-07T16:58:05Z
50.011685806501319 19.978431470547328 -1 2023-11-07T17:17:02Z
50.011672144509667 19.978425282574378 -1 2023-11-07T17:38:06Z
50.01166391301814 19.978541927036265 -1 2023-11-07T17:57:23Z
50.011688146043674 19.978414623289147 -1 2023-11-07T18:11:14Z
50.011680011041484 19.978418689100778 -1 2023-11-07T18:17:18Z
50.011682871166052 19.978434917264281 -1 2023-11-07T18:40:43Z
50.011691493890993 19.978427005393307 -1 2023-11-07T18:48:59Z
50.01167625195891 19.978410430742581 -1 2023-11-07T19:10:06Z
50.011668447769352 19.978411989558857 -1 2023-11-07T19:27:36Z
50.011670136990617 19.978397835315494 -1 2023-11-07T19:40:45Z
50.011666629341029 19.978412176731894 -1 2023-11-07T19:55:58Z
50.011679137592253 19.978450893130539 -1 2023-11-07T20:10:32Z
50.011679242518127 19.978447685046021 -1 2023-11-07T20:18:21Z
50.011681486977068 19.978436935179381 -1 2023-11-07T20:31:39Z
50.011685403592836 19.978439962321012 -1 2023-11-07T20:51:06Z
50.011692871912274 19.978422374529138 -1 2023-11-07T21:10:55Z
50.011692297020737 19.978435964506648 -1 2023-11-07T21:19:05Z
50.011697727621971 19.978430613982983 -1 2023-11-07T21:37:17Z
50.011694775337823 19.978436232732484 -1 2023-11-07T21:51:44Z
50.011695769527378 19.978422791231299 -1 2023-11-07T21:56:12Z
50.011682191435504 19.978475484542212 -1 2023-11-07T22:31:06Z
50.011685710387169 19.978440906648409 -1 2023-11-07T22:31:06Z
52.023500475008525 15.113897025009456 -1 2023-12-04T15:06:01Z
52.020752099999996 15.1119454 -1 2023-12-07T19:05:57Z
52.020551399740604 15.112140747543489 -1 2023-12-07T19:05:57Z
